1	228	245	1
1	239	221	1
1	241	238	1
1	243	233	1
1	248	199	1
1	259	196	1
1	237	206	1
1	247	197	1
1	249	202	1
1	252	200	1
1	245	205	1
1	258	277	1
1	249	197	1
1	249	259	2
1	243	203	2
1	246	202	2
1	246	205	2
1	246	208	2
1	258	280	2
1	251	246	2
1	244	230	2
1	245	207	2
1	251	239	2
1	258	214	2
1	256	190	2
1	245	234	2
1	246	207	2
1	248	260	2
1	246	246	2
1	254	204	2
1	255	197	2
1	231	224	3
1	257	202	3
1	237	236	3
1	259	201	3
1	242	207	3
1	243	207	3
1	252	190	3
1	245	209	3
1	252	244	3
1	244	207	3
1	244	210	3
1	248	203	3
1	250	246	3
1	249	200	3
1	245	246	3
1	246	245	3
1	250	247	3
1	254	202	3
1	256	237	3
1	258	202	3
1	246	237	3
1	239	185	4
1	247	204	4
1	250	245	4
1	239	236	4
1	255	192	4
1	240	228	4
1	244	203	4
1	254	224	4
1	242	204	4
1	243	204	4
1	243	205	4
1	244	205	4
1	246	204	4
1	259	192	4
1	244	204	4
1	248	261	4
1	244	195	4
1	251	240	4
1	246	203	4
1	247	201	4
1	248	200	4
1	251	244	4
1	252	232	4
1	245	252	4
1	247	200	4
1	251	243	4
1	242	203	5
1	246	243	5
1	259	194	5
1	257	196	5
1	256	199	5
1	252	188	5
1	244	202	6
1	245	208	6
1	245	203	6
1	248	256	6
1	258	197	6
1	245	204	6
1	253	237	6
1	245	245	6
1	251	198	6
1	252	231	6
1	253	243	6
1	255	196	6
1	258	196	6
1	245	215	6
1	254	191	6
1	246	209	6
1	251	230	6
1	258	201	6
1	256	195	6
1	251	245	7
1	247	207	7
1	248	262	7
1	245	201	7
1	245	202	7
1	247	248	7
1	248	254	7
1	252	245	7
1	248	255	7
1	251	189	7
1	252	242	8
1	252	243	8
1	245	206	8
1	244	206	8
1	247	203	8
1	247	244	8
1	248	259	8
1	246	206	8
1	246	244	8
1	248	201	8
1	259	202	8
1	248	263	8
1	259	277	8
1	259	195	8
1	246	201	9
1	244	250	9
1	249	247	9
1	259	230	9
1	257	201	9
1	247	202	9
1	249	180	9
1	256	202	9
1	249	246	9
1	248	198	10
1	256	194	10
1	248	239	11
1	258	198	11
1	250	199	12
1	255	199	12
1	254	281	13
1	257	235	13
1	257	277	14
1	259	199	14
2	228	245	1
2	239	221	1
2	243	233	1
2	259	196	1
2	247	197	1
2	255	192	1
2	244	203	1
2	242	204	1
2	243	205	1
2	244	205	1
2	246	204	1
2	243	203	1
2	248	261	1
2	249	202	1
2	252	200	1
2	248	200	1
2	251	243	1
2	245	205	1
2	258	277	1
2	255	196	1
2	249	197	1
2	256	195	1
2	255	238	1
2	231	224	3
2	257	202	3
2	237	236	3
2	259	201	3
2	242	203	3
2	259	194	3
2	242	207	3
2	243	207	3
2	252	190	3
2	247	201	3
2	244	210	3
2	248	203	3
2	250	246	3
2	258	196	3
2	254	202	3
2	248	201	3
2	256	199	3
2	259	195	3
2	254	200	3
2	241	238	4
2	249	259	4
2	239	185	4
2	250	245	4
2	245	209	4
2	244	195	4
2	251	240	4
2	251	246	4
2	252	232	4
2	248	256	4
2	252	244	4
2	258	197	4
2	245	246	4
2	246	245	4
2	250	247	4
2	256	237	4
2	246	207	4
2	248	254	4
2	252	245	4
2	246	209	4
2	253	233	4
2	243	206	4
2	254	224	8
2	246	205	8
2	252	242	8
2	252	243	8
2	245	206	8
2	251	244	8
2	247	207	8
2	248	262	8
2	247	203	8
2	244	207	8
2	244	230	8
2	247	244	8
2	249	200	8
2	248	259	8
2	245	245	8
2	247	248	8
2	246	206	8
2	246	244	8
2	248	263	8
2	259	277	8
2	249	240	8
2	250	232	8
2	248	199	6
2	243	204	6
2	244	202	6
2	246	202	6
2	246	208	6
2	245	208	6
2	251	245	6
2	245	203	6
2	246	203	6
2	244	206	6
2	245	201	6
2	245	202	6
2	245	204	6
2	245	207	6
2	251	239	6
2	252	231	6
2	253	243	6
2	258	202	6
2	248	260	6
2	248	255	6
2	244	204	15
2	245	252	15
2	247	200	15
2	246	201	9
2	249	247	9
2	259	230	9
2	257	201	9
2	247	202	9
2	249	180	9
2	256	202	9
2	249	246	9
2	248	198	10
2	256	194	10
2	244	232	10
2	259	202	12
2	250	199	12
2	254	281	13
2	257	235	13
3	228	245	1
3	239	221	1
3	243	233	1
3	259	196	1
3	247	197	1
3	255	192	1
3	242	204	1
3	243	205	1
3	244	205	1
3	246	204	1
3	243	203	1
3	246	202	1
3	248	261	1
3	249	202	1
3	252	200	1
3	245	202	1
3	245	205	1
3	258	277	1
3	255	196	1
3	256	195	1
3	240	214	1
3	252	246	1
3	249	259	4
3	246	201	4
3	245	209	4
3	251	246	4
3	258	197	4
3	249	247	4
3	259	230	4
3	246	245	4
3	250	247	4
3	256	237	4
3	257	201	4
3	246	207	4
3	248	254	4
3	256	202	4
3	249	246	4
3	254	281	4
3	257	235	4
3	253	233	4
3	243	206	4
3	254	240	4
3	231	224	3
3	257	202	3
3	237	236	3
3	259	201	3
3	259	194	3
3	242	207	3
3	243	207	3
3	252	190	3
3	247	201	3
3	244	207	3
3	244	210	3
3	248	203	3
3	250	246	3
3	258	196	3
3	245	246	3
3	248	201	3
3	256	199	3
3	259	195	3
3	254	224	8
3	246	205	8
3	244	204	8
3	252	242	8
3	252	243	8
3	245	206	8
3	251	244	8
3	245	252	8
3	247	207	8
3	248	256	8
3	248	262	8
3	252	244	8
3	244	230	8
3	247	244	8
3	249	200	8
3	248	259	8
3	247	248	8
3	246	206	8
3	252	245	8
3	246	209	8
3	246	244	8
3	248	263	8
3	259	277	8
3	238	218	8
3	248	248	8
3	250	244	8
3	239	185	15
3	250	245	15
3	244	203	15
3	244	195	15
3	251	240	15
3	248	200	15
3	252	232	15
3	247	200	15
3	248	199	6
3	243	204	6
3	244	202	6
3	246	208	6
3	245	208	6
3	251	245	6
3	245	203	6
3	246	203	6
3	251	243	6
3	244	206	6
3	245	201	6
3	245	204	6
3	245	207	6
3	251	239	6
3	252	231	6
3	253	243	6
3	258	202	6
3	248	260	6
3	243	202	6
3	248	198	10
3	256	194	10
3	244	232	10
3	247	203	16
3	245	245	16
3	254	191	16
3	249	240	16
3	248	233	16
4	231	224	3
4	257	202	3
4	237	236	3
4	259	201	3
4	242	207	3
4	243	207	3
4	252	190	3
4	247	201	3
4	250	246	3
4	258	196	3
4	248	201	3
4	259	195	3
4	241	207	3
4	254	224	8
4	245	206	8
4	248	256	8
4	244	210	8
4	248	203	8
4	244	250	8
4	247	244	8
4	256	237	8
4	246	209	8
4	256	199	8
4	256	202	8
4	254	281	8
4	238	218	8
4	248	248	8
4	250	244	8
4	254	240	8
4	239	185	15
4	250	245	15
4	244	203	15
4	242	204	15
4	243	204	15
4	244	204	15
4	251	245	15
4	252	243	15
4	244	195	15
4	251	240	15
4	246	203	15
4	248	200	15
4	251	244	15
4	252	232	15
4	245	252	15
4	247	200	15
4	247	207	15
4	248	262	15
4	244	207	15
4	245	201	15
4	247	248	15
4	248	260	15
4	248	263	15
4	251	230	15
4	259	196	10
4	246	202	10
4	246	205	10
4	244	230	10
4	245	202	10
4	248	259	10
4	246	206	10
4	246	244	10
4	248	198	10
4	256	194	10
4	259	277	10
4	255	238	10
4	240	214	10
4	243	233	1
4	247	197	1
4	255	192	1
4	244	205	1
4	246	204	1
4	243	203	1
4	248	261	1
4	249	202	1
4	252	200	1
4	245	205	1
4	258	277	1
4	253	233	1
4	243	206	1
4	252	246	1
4	258	281	1
4	246	208	17
4	244	206	17
4	245	207	17
4	251	239	17
4	258	214	17
4	258	202	17
4	248	199	6
4	243	205	6
4	244	202	6
4	245	208	6
4	252	242	6
4	245	203	6
4	251	246	6
4	251	243	6
4	252	244	6
4	245	204	6
4	252	231	6
4	253	243	6
4	246	207	6
4	252	245	6
4	256	254	6
4	249	259	4
4	246	201	4
4	245	209	4
4	258	197	4
4	247	203	4
4	249	247	4
4	249	200	4
4	259	230	4
4	245	245	4
4	245	246	4
4	246	245	4
4	250	247	4
4	257	201	4
4	248	254	4
4	249	246	4
4	249	240	4
4	259	202	12
4	250	199	12
4	255	196	18
4	256	195	18
5	231	224	17
5	257	202	17
5	242	207	17
5	246	208	17
5	251	245	17
5	246	203	17
5	244	206	17
5	247	203	17
5	244	207	17
5	244	210	17
5	245	201	17
5	245	207	17
5	251	239	17
5	245	245	17
5	258	202	17
5	248	260	17
5	248	255	17
5	259	195	17
5	249	240	17
5	237	236	3
5	259	201	3
5	247	201	3
5	250	246	3
5	258	196	3
5	246	201	4
5	245	209	4
5	251	246	4
5	248	256	4
5	258	197	4
5	244	250	4
5	249	247	4
5	259	230	4
5	246	245	4
5	250	247	4
5	256	237	4
5	257	201	4
5	248	254	4
5	246	209	4
5	249	246	4
5	238	218	4
5	254	240	4
5	239	185	15
5	250	245	15
5	244	203	15
5	242	204	15
5	244	195	15
5	251	240	15
5	248	200	15
5	252	232	15
5	247	200	15
5	245	246	15
5	251	230	15
5	259	196	10
5	246	202	10
5	245	206	10
5	247	207	10
5	245	202	10
5	247	244	10
5	249	200	10
5	248	259	10
5	246	244	10
5	248	198	10
5	256	194	10
5	259	277	10
5	244	232	10
5	250	232	10
5	255	238	10
5	240	214	10
5	243	233	19
5	247	197	19
5	255	192	19
5	240	228	19
5	254	224	19
5	252	200	19
5	256	200	19
5	250	198	19
5	242	203	5
5	246	243	5
5	243	204	1
5	244	205	1
5	246	204	1
5	243	203	1
5	246	205	1
5	244	204	1
5	248	261	1
5	245	252	1
5	248	262	1
5	244	230	1
5	247	248	1
5	248	263	1
5	248	199	6
5	249	259	6
5	243	205	6
5	244	202	6
5	245	208	6
5	252	242	6
5	252	243	6
5	245	203	6
5	251	244	6
5	251	243	6
5	252	244	6
5	245	204	6
5	252	231	6
5	246	207	6
5	246	206	6
5	252	245	6
5	248	248	6
5	243	206	20
5	253	227	20
5	243	207	21
5	252	190	21
5	245	205	22
5	258	277	22
5	257	277	14
5	259	199	14
6	231	224	17
6	257	202	17
6	242	207	17
6	244	202	17
6	246	208	17
6	251	245	17
6	245	203	17
6	246	203	17
6	244	206	17
6	247	203	17
6	244	207	17
6	245	201	17
6	245	204	17
6	245	207	17
6	251	239	17
6	258	202	17
6	248	260	17
6	248	255	17
6	259	195	17
6	237	236	3
6	259	201	3
6	247	201	3
6	250	246	3
6	258	196	3
6	239	185	15
6	250	245	15
6	244	195	15
6	251	240	15
6	248	200	15
6	251	244	15
6	252	232	15
6	246	209	15
6	243	233	19
6	247	197	19
6	239	236	19
6	255	192	19
6	240	228	19
6	254	224	19
6	252	200	19
6	256	237	19
6	257	196	19
6	255	191	19
6	244	203	1
6	242	204	1
6	243	204	1
6	243	205	1
6	244	205	1
6	246	204	1
6	243	203	1
6	246	205	1
6	244	204	1
6	245	208	1
6	252	242	1
6	252	243	1
6	245	206	1
6	245	252	1
6	247	200	1
6	251	243	1
6	244	230	1
6	252	231	1
6	248	263	1
6	242	203	5
6	246	243	5
6	243	206	20
6	253	227	20
6	259	196	10
6	246	202	10
6	247	207	10
6	245	202	10
6	247	244	10
6	249	200	10
6	248	259	10
6	246	206	10
6	246	244	10
6	259	277	10
6	250	232	10
6	255	238	10
6	246	201	4
6	245	209	4
6	251	246	4
6	248	256	4
6	248	262	4
6	252	244	4
6	258	197	4
6	244	210	4
6	244	250	4
6	249	247	4
6	259	230	4
6	245	246	4
6	246	245	4
6	247	248	4
6	250	247	4
6	257	201	4
6	246	207	4
6	248	254	4
6	249	246	4
6	254	281	4
6	248	248	4
6	254	240	4
6	253	235	4
6	245	205	22
6	258	277	22
6	245	245	23
6	249	240	23
6	257	277	14
6	259	199	14
7	231	224	15
7	244	195	15
7	251	240	15
7	249	200	15
7	245	207	15
7	251	239	15
7	248	255	15
7	259	277	15
7	257	202	17
7	244	202	17
7	246	202	17
7	246	208	17
7	251	245	17
7	245	203	17
7	246	203	17
7	244	206	17
7	247	203	17
7	244	207	17
7	244	210	17
7	245	201	17
7	245	204	17
7	258	202	17
7	248	260	17
7	259	195	17
7	237	236	3
7	259	201	3
7	247	201	3
7	250	246	3
7	258	196	3
7	243	233	19
7	247	197	19
7	239	236	19
7	255	192	19
7	240	228	19
7	244	203	19
7	254	224	19
7	242	204	19
7	252	200	19
7	252	232	19
7	256	200	19
7	255	191	19
7	259	196	10
7	243	205	10
7	245	208	10
7	252	242	10
7	252	243	10
7	247	207	10
7	248	259	10
7	246	206	10
7	252	245	10
7	246	244	10
7	248	263	10
7	255	238	10
7	240	214	10
7	248	248	10
7	242	203	5
7	246	243	5
7	243	204	1
7	244	205	1
7	246	204	1
7	243	203	1
7	246	205	1
7	244	204	1
7	245	206	1
7	245	252	1
7	248	262	1
7	251	243	1
7	244	230	1
7	245	202	1
7	247	244	1
7	252	231	1
7	247	248	1
7	250	232	1
7	243	206	20
7	253	227	20
7	250	245	4
7	245	209	4
7	248	200	4
7	251	244	4
7	251	246	4
7	248	256	4
7	252	244	4
7	258	197	4
7	244	250	4
7	245	246	4
7	246	245	4
7	250	247	4
7	246	207	4
7	248	254	4
7	246	209	4
7	254	281	4
7	254	240	4
7	253	235	4
7	245	205	22
7	258	277	22
7	246	201	24
7	249	247	24
7	259	230	24
7	257	201	24
7	249	246	24
7	257	277	14
7	259	199	14
8	231	224	17
8	257	202	17
8	259	201	17
8	250	245	17
8	251	245	17
8	247	201	17
8	248	200	17
8	247	203	17
8	244	210	17
8	250	246	17
8	245	201	17
8	258	196	17
8	245	246	17
8	258	202	17
8	248	260	17
8	248	255	17
8	259	195	17
8	243	233	19
8	239	236	19
8	255	192	19
8	240	228	19
8	252	200	19
8	244	203	25
8	254	224	25
8	242	204	25
8	243	205	25
8	244	202	25
8	245	208	25
8	252	242	25
8	252	243	25
8	249	202	25
8	245	203	25
8	246	203	25
8	246	232	25
8	246	251	25
8	243	203	26
8	246	202	26
8	246	205	26
8	246	208	26
8	258	280	26
8	244	230	26
8	245	207	26
8	243	204	1
8	244	205	1
8	246	204	1
8	244	204	1
8	248	261	1
8	245	206	1
8	245	252	1
8	251	243	1
8	245	202	1
8	245	204	1
8	252	231	1
8	245	209	4
8	251	244	4
8	251	246	4
8	248	256	4
8	252	244	4
8	258	197	4
8	244	250	4
8	246	245	4
8	250	247	4
8	248	254	4
8	246	209	4
8	254	281	4
8	248	248	4
8	254	240	4
8	253	235	4
8	259	196	10
8	247	207	10
8	244	206	10
8	247	244	10
8	249	200	10
8	248	259	10
8	246	206	10
8	246	244	10
8	248	263	10
8	259	277	10
8	255	238	10
8	246	201	24
8	249	247	24
8	259	230	24
8	257	201	24
8	249	246	24
8	257	277	14
8	259	199	14
9	231	224	1
9	244	205	1
9	246	204	1
9	248	261	1
9	251	243	1
9	245	204	1
9	248	255	1
9	257	202	17
9	259	201	17
9	247	201	17
9	250	246	17
9	245	201	17
9	258	196	17
9	258	202	17
9	259	195	17
9	232	184	17
9	237	206	24
9	246	201	24
9	249	247	24
9	259	230	24
9	257	201	24
9	249	246	24
9	243	233	19
9	239	236	19
9	255	192	19
9	240	228	19
9	244	203	19
9	254	224	19
9	242	204	19
9	252	200	19
9	255	191	19
9	259	196	10
9	243	203	10
9	246	202	10
9	246	205	10
9	258	280	10
9	245	206	10
9	247	207	10
9	245	202	10
9	247	244	10
9	249	200	10
9	248	259	10
9	246	206	10
9	246	244	10
9	248	263	10
9	255	238	10
9	240	214	10
9	250	245	25
9	243	204	25
9	243	205	25
9	244	202	25
9	246	208	25
9	245	208	25
9	251	245	25
9	252	242	25
9	252	243	25
9	245	203	25
9	246	203	25
9	248	200	25
9	244	206	25
9	247	203	25
9	245	207	25
9	244	204	4
9	245	209	4
9	251	244	4
9	251	246	4
9	245	252	4
9	248	256	4
9	252	244	4
9	258	197	4
9	244	210	4
9	245	246	4
9	246	245	4
9	250	247	4
9	248	254	4
9	248	260	4
9	252	245	4
9	246	209	4
9	254	281	4
9	248	248	4
9	254	240	4
9	253	235	4
9	246	232	27
9	246	251	27
9	257	199	28
9	258	194	28
10	231	224	24
10	257	202	24
10	237	206	24
10	259	201	24
10	245	209	24
10	258	197	24
10	250	246	24
10	249	247	24
10	259	230	24
10	258	196	24
10	245	246	24
10	257	201	24
10	248	255	24
10	249	246	24
10	259	195	24
10	232	184	24
10	248	199	25
10	244	203	25
10	242	204	25
10	243	204	25
10	243	205	25
10	244	204	25
10	245	208	25
10	252	242	25
10	252	243	25
10	251	244	25
10	245	252	25
10	250	245	26
10	243	203	26
10	246	202	26
10	246	205	26
10	246	208	26
10	258	280	26
10	244	230	26
10	245	207	26
10	243	233	13
10	255	192	13
10	254	281	13
10	259	196	10
10	245	206	10
10	247	207	10
10	247	244	10
10	249	200	10
10	248	259	10
10	246	206	10
10	246	244	10
10	248	263	10
10	255	238	10
10	248	256	4
10	252	244	4
10	246	245	4
10	250	247	4
10	246	207	4
10	248	254	4
10	248	260	4
10	246	209	4
10	248	248	4
10	254	240	4
10	253	235	4
10	244	205	1
10	246	204	1
10	248	261	1
10	251	243	1
10	245	204	1
10	251	245	17
10	245	203	17
10	246	203	17
10	251	246	17
10	244	206	17
10	247	203	17
10	244	210	17
10	245	201	17
10	258	202	17
11	231	224	1
11	244	203	1
11	242	204	1
11	243	204	1
11	244	205	1
11	246	204	1
11	244	204	1
11	251	244	1
11	245	252	1
11	251	243	1
11	252	244	1
11	245	204	1
11	246	245	1
11	248	254	1
11	248	255	1
11	257	202	24
11	237	206	24
11	259	201	24
11	246	202	24
11	246	208	24
11	245	209	24
11	258	197	24
11	244	210	24
11	250	246	24
11	249	247	24
11	259	230	24
11	245	207	24
11	258	196	24
11	245	246	24
11	257	201	24
11	249	246	24
11	259	195	24
11	232	184	24
11	250	245	25
11	243	205	25
11	252	242	25
11	252	243	25
11	248	200	25
11	243	233	13
11	255	192	13
11	250	247	13
11	254	281	13
11	254	240	13
11	253	235	13
11	255	191	13
11	259	196	10
11	246	205	10
11	245	206	10
11	247	207	10
11	247	244	10
11	249	200	10
11	248	259	10
11	246	244	10
11	259	277	10
11	255	238	10
11	248	199	17
11	245	208	17
11	251	245	17
11	245	203	17
11	246	203	17
11	251	246	17
11	244	206	17
11	247	203	17
11	245	201	17
11	258	202	17
11	248	260	17
11	248	256	4
11	246	206	4
11	246	209	4
11	248	248	4
11	246	232	27
11	246	251	27
12	231	224	24
12	257	202	24
12	237	206	24
12	249	247	24
12	245	204	24
12	259	230	24
12	257	201	24
12	248	255	24
12	249	246	24
12	259	195	24
12	232	184	24
12	244	203	1
12	242	204	1
12	243	204	1
12	243	205	1
12	244	205	1
12	246	204	1
12	244	204	1
12	252	242	1
12	252	243	1
12	245	206	1
12	251	244	1
12	245	252	1
12	251	243	1
12	248	230	1
12	243	233	13
12	255	192	13
12	254	281	13
12	254	240	13
12	255	191	13
12	251	245	17
12	248	261	17
12	245	203	17
12	246	203	17
12	244	206	17
12	247	203	17
12	244	210	17
12	245	201	17
12	258	202	17
12	248	260	17
12	248	198	17
12	244	232	17
12	245	209	29
12	251	246	29
12	252	244	29
12	258	197	29
12	245	246	29
12	246	245	29
12	250	247	29
12	248	254	29
12	253	235	29
12	250	245	10
12	246	202	10
12	246	205	10
12	246	208	10
12	248	200	10
12	247	207	10
12	249	200	10
12	248	259	10
12	245	207	10
12	251	239	10
12	246	244	10
12	259	277	10
12	248	256	4
12	246	206	4
12	246	209	4
12	248	248	4
12	248	199	30
12	259	201	30
12	245	208	30
12	250	246	30
12	258	196	30
12	259	196	31
12	255	238	31
13	231	224	1
13	243	204	1
13	244	205	1
13	246	204	1
13	243	203	1
13	244	204	1
13	245	206	1
13	245	252	1
13	251	243	1
13	245	204	1
13	248	255	1
13	248	230	1
13	257	202	24
13	259	201	24
13	245	209	24
13	251	246	24
13	248	256	24
13	258	197	24
13	250	246	24
13	249	247	24
13	259	230	24
13	258	196	24
13	257	201	24
13	246	209	24
13	249	246	24
13	244	203	4
13	242	204	4
13	243	205	4
13	246	205	4
13	252	242	4
13	252	243	4
13	248	259	4
13	246	206	4
13	246	244	4
13	259	195	4
13	248	248	4
13	243	233	13
13	255	192	13
13	251	245	17
13	245	203	17
13	246	203	17
13	247	207	17
13	244	206	17
13	247	203	17
13	244	210	17
13	258	202	17
13	248	198	17
13	244	232	17
13	248	199	29
13	250	245	29
13	245	208	29
13	251	244	29
13	252	244	29
13	246	245	29
13	248	254	29
13	248	260	29
13	246	202	10
13	246	208	10
13	249	200	10
13	245	207	10
13	250	247	10
13	259	277	10
13	254	281	10
13	254	240	10
13	253	235	10
13	253	237	16
13	248	233	16
13	259	196	31
13	255	238	31
14	231	224	17
14	251	245	17
14	245	203	17
14	246	203	17
14	244	206	17
14	247	203	17
14	245	204	17
14	248	198	17
14	248	255	17
14	244	232	17
14	257	202	24
14	259	201	24
14	245	209	24
14	258	197	24
14	244	210	24
14	250	246	24
14	249	247	24
14	259	230	24
14	258	196	24
14	257	201	24
14	249	246	24
14	259	195	24
14	243	204	1
14	244	205	1
14	246	204	1
14	244	204	1
14	245	252	1
14	251	243	1
14	250	245	4
14	243	205	4
14	246	202	4
14	252	242	4
14	252	243	4
14	245	206	4
14	251	244	4
14	251	246	4
14	247	207	4
14	252	244	4
14	248	259	4
14	246	206	4
14	246	244	4
14	248	263	4
14	248	248	4
14	246	208	10
14	249	200	10
14	245	207	10
14	259	277	10
14	248	199	29
14	245	208	29
14	246	245	32
14	250	247	32
14	254	281	32
14	254	240	32
14	253	235	32
14	248	256	33
14	246	209	33
15	231	224	34
15	245	204	34
15	248	255	34
15	257	202	24
15	259	201	24
15	245	209	24
15	258	197	24
15	244	210	24
15	250	246	24
15	249	247	24
15	259	230	24
15	258	196	24
15	257	201	24
15	249	246	24
15	259	195	24
15	243	204	1
15	244	205	1
15	246	204	1
15	244	204	1
15	245	252	1
15	251	243	1
15	243	205	4
15	245	208	4
15	252	242	4
15	252	243	4
15	251	244	4
15	251	246	4
15	248	256	4
15	252	244	4
15	248	263	4
15	248	248	4
15	243	233	13
15	255	192	13
15	246	202	10
15	245	206	10
15	247	207	10
15	249	200	10
15	248	259	10
15	246	206	10
15	246	244	10
15	259	202	10
15	259	277	10
15	250	245	17
15	246	208	17
15	251	245	17
15	245	203	17
15	246	203	17
15	244	206	17
15	247	203	17
15	245	207	17
15	248	198	17
15	244	232	17
15	246	245	32
15	250	247	32
15	254	281	32
15	254	240	32
16	243	204	1
16	244	205	1
16	246	204	1
16	246	205	1
16	244	204	1
16	245	206	1
16	245	252	1
16	251	243	1
16	243	205	10
16	245	208	10
16	252	242	10
16	252	243	10
16	251	244	10
16	247	207	10
16	249	200	10
16	248	259	10
16	246	206	10
16	246	244	10
16	248	263	10
16	259	277	10
16	250	245	4
16	251	246	4
16	248	256	4
16	252	244	4
16	246	245	4
16	248	254	4
16	248	248	4
16	247	243	4
16	251	245	17
16	245	203	17
16	246	203	17
16	244	206	17
16	247	203	17
16	245	201	17
16	258	202	17
16	248	255	17
16	257	202	24
16	259	201	24
16	246	208	24
16	245	209	24
16	258	197	24
16	244	210	24
16	250	246	24
16	249	247	24
16	245	207	24
16	258	196	24
16	257	201	24
16	249	246	24
16	250	247	32
16	254	281	32
16	254	240	32
16	245	231	35
16	253	236	35
16	259	196	31
16	255	238	31
17	244	203	36
17	242	204	36
17	243	204	1
17	244	205	1
17	246	204	1
17	244	204	1
17	245	206	1
17	251	243	1
17	243	205	10
17	245	208	10
17	252	242	10
17	252	243	10
17	251	244	10
17	247	207	10
17	249	200	10
17	248	259	10
17	246	206	10
17	246	244	10
17	248	263	10
17	259	277	10
17	250	245	4
17	251	246	4
17	248	256	4
17	252	244	4
17	246	245	4
17	248	254	4
17	248	248	4
17	251	245	17
17	245	203	17
17	246	203	17
17	244	206	17
17	247	203	17
17	248	255	17
17	257	202	24
17	246	208	24
17	245	209	24
17	258	197	24
17	244	210	24
17	249	247	24
17	245	207	24
17	250	247	24
17	257	201	24
17	249	246	24
17	254	281	24
17	254	240	24
17	259	201	30
17	250	246	30
17	258	196	30
17	245	231	35
17	253	236	35
18	240	206	37
18	241	205	37
18	243	204	1
18	244	205	1
18	246	204	1
18	244	204	1
18	245	206	1
18	251	243	1
18	250	245	4
18	243	205	4
18	252	242	4
18	252	243	4
18	251	244	4
18	251	246	4
18	248	256	4
18	252	244	4
18	248	254	4
18	248	248	4
18	253	235	38
18	243	234	38
18	251	245	17
18	245	203	17
18	246	203	17
18	244	206	17
18	247	203	17
18	258	202	17
18	248	255	17
18	248	263	17
18	257	202	24
18	246	208	24
18	246	201	24
18	245	209	24
18	258	197	24
18	244	210	24
18	249	247	24
18	259	230	24
18	245	207	24
18	246	245	24
18	257	201	24
18	249	246	24
18	247	207	10
18	249	200	10
18	248	259	10
18	246	206	10
18	246	244	10
18	259	277	10
18	259	201	30
18	250	246	30
18	258	196	30
18	245	231	35
18	253	236	35
18	250	247	32
18	254	281	32
18	254	240	32
19	243	204	10
19	246	202	10
19	244	204	10
19	245	206	10
19	247	207	10
19	251	243	10
19	249	200	10
19	248	259	10
19	246	244	10
19	259	277	10
19	250	245	4
19	243	205	4
19	252	242	4
19	252	243	4
19	251	246	4
19	248	256	4
19	252	244	4
19	248	248	4
19	253	235	38
19	243	234	38
19	259	196	31
19	244	205	31
19	246	204	31
19	246	205	31
19	246	206	31
19	255	238	31
19	244	231	31
19	251	245	17
19	246	203	17
19	251	244	17
19	244	206	17
19	247	203	17
19	258	202	17
19	248	255	17
19	248	263	17
19	246	208	24
19	246	201	24
19	245	209	24
19	258	197	24
19	244	210	24
19	249	247	24
19	259	230	24
19	245	207	24
19	246	245	24
19	250	247	24
19	257	201	24
19	254	281	24
19	254	240	24
19	259	201	30
19	250	246	30
19	258	196	30
19	245	231	35
19	253	236	35
20	248	199	10
20	244	203	10
20	242	204	10
20	244	205	10
20	246	204	10
20	246	205	10
20	244	204	10
20	245	206	10
20	251	243	10
20	243	205	4
20	252	242	4
20	252	243	4
20	252	244	4
20	246	245	4
20	248	254	4
20	248	248	4
20	243	206	39
20	254	225	39
20	253	235	38
20	243	234	38
20	250	245	17
20	251	245	17
20	246	203	17
20	244	206	17
20	247	203	17
20	258	202	17
20	248	255	17
20	244	232	17
20	259	196	31
20	247	207	31
20	248	259	31
20	246	206	31
20	246	244	31
20	248	263	31
20	255	238	31
20	244	231	31
20	245	203	34
20	245	204	34
20	246	208	24
20	246	201	24
20	245	209	24
20	249	247	24
20	249	200	24
20	259	230	24
20	245	207	24
20	257	201	24
20	259	277	24
20	245	231	35
20	253	236	35
20	259	201	30
20	250	246	30
21	248	199	10
21	244	203	10
21	242	204	10
21	244	205	10
21	246	204	10
21	246	205	10
21	244	204	10
21	245	203	10
21	251	243	10
21	245	204	10
21	250	245	4
21	243	205	4
21	251	245	4
21	252	242	4
21	252	243	4
21	251	246	4
21	248	256	4
21	252	244	4
21	246	245	4
21	258	202	4
21	248	254	4
21	248	255	4
21	248	263	4
21	248	248	4
21	243	206	39
21	254	225	39
21	259	196	31
21	245	206	31
21	247	207	31
21	248	259	31
21	246	206	31
21	246	244	31
21	255	238	31
21	244	231	31
21	246	203	17
21	244	206	17
21	247	203	17
21	244	232	17
21	246	208	24
21	245	209	24
21	244	210	24
21	249	247	24
21	249	200	24
21	259	230	24
21	245	207	24
21	257	201	24
21	259	277	24
21	245	231	35
21	253	236	35
21	247	260	40
21	257	281	40
21	259	201	30
21	250	246	30
21	258	196	30
22	248	199	10
22	244	203	10
22	242	204	10
22	244	205	10
22	246	205	10
22	244	204	10
22	245	206	10
22	251	243	10
22	244	231	10
22	250	245	4
22	243	205	4
22	251	245	4
22	252	242	4
22	252	243	4
22	251	246	4
22	248	256	4
22	252	244	4
22	246	245	4
22	258	202	4
22	248	255	4
22	248	263	4
22	248	248	4
22	243	206	39
22	254	225	39
22	246	204	17
22	245	203	17
22	246	203	17
22	244	206	17
22	247	203	17
22	245	204	17
22	244	232	17
22	247	207	31
22	249	200	31
22	248	259	31
22	246	206	31
22	246	244	31
22	259	277	31
22	246	208	24
22	245	209	24
22	249	247	24
22	259	230	24
22	245	207	24
22	257	201	24
22	245	231	35
22	253	236	35
22	247	260	40
22	257	281	40
22	248	230	41
22	258	204	41
22	259	201	30
22	250	246	30
22	258	196	30
22	259	196	42
22	255	238	42
23	244	203	36
23	242	204	36
23	250	245	4
23	243	205	4
23	251	245	4
23	252	242	4
23	252	243	4
23	251	246	4
23	252	244	4
23	246	245	4
23	258	202	4
23	248	255	4
23	248	263	4
23	243	206	39
23	254	225	39
23	253	235	38
23	243	234	38
23	244	205	10
23	246	204	10
23	244	204	10
23	245	206	10
23	251	243	10
23	246	205	31
23	247	207	31
23	249	200	31
23	248	259	31
23	246	206	31
23	246	244	31
23	259	277	31
23	244	231	31
23	245	203	17
23	246	203	17
23	247	203	17
23	245	204	17
23	244	232	17
23	246	208	24
23	245	209	24
23	249	247	24
23	259	230	24
23	245	207	24
23	257	201	24
23	245	231	35
23	253	236	35
23	247	260	40
23	257	281	40
23	259	201	30
23	250	246	30
23	258	196	30
23	259	196	42
23	255	238	42
24	244	203	36
24	242	204	36
24	250	245	4
24	243	205	4
24	251	245	4
24	252	242	4
24	252	243	4
24	251	246	4
24	252	244	4
24	246	245	4
24	258	202	4
24	248	255	4
24	248	263	4
24	253	235	38
24	243	234	38
24	244	204	10
24	245	206	10
24	251	243	10
24	244	205	34
24	246	204	34
24	245	203	34
24	245	204	34
24	259	196	31
24	246	205	31
24	247	207	31
24	249	200	31
24	248	259	31
24	246	206	31
24	246	244	31
24	259	277	31
24	255	238	31
24	244	231	31
24	246	203	17
24	247	203	17
24	244	232	17
24	246	208	24
24	245	209	24
24	249	247	24
24	259	230	24
24	245	207	24
24	257	201	24
24	249	246	24
24	245	231	35
24	253	236	35
24	247	260	40
24	257	281	40
24	259	201	30
24	250	246	30
24	258	196	30
25	244	203	36
25	242	204	36
25	250	245	4
25	243	205	4
25	246	208	4
25	251	245	4
25	252	242	4
25	252	243	4
25	251	246	4
25	252	244	4
25	245	207	4
25	258	202	4
25	248	254	4
25	248	255	4
25	253	235	38
25	243	234	38
25	244	204	10
25	245	206	10
25	251	243	10
25	244	205	34
25	246	204	34
25	245	203	34
25	245	204	34
25	248	263	34
25	259	196	31
25	246	205	31
25	247	207	31
25	249	200	31
25	248	259	31
25	246	206	31
25	246	244	31
25	259	277	31
25	255	238	31
25	244	231	31
25	246	203	17
25	247	203	17
25	244	232	17
25	245	209	24
25	249	247	24
25	259	230	24
25	257	201	24
25	247	260	40
25	257	281	40
25	259	201	30
25	250	246	30
26	243	205	4
26	252	242	4
26	252	243	4
26	251	246	4
26	252	244	4
26	248	254	4
26	253	235	38
26	243	234	38
26	244	204	31
26	245	206	31
26	247	207	31
26	251	243	31
26	249	200	31
26	248	259	31
26	246	206	31
26	246	244	31
26	259	277	31
26	259	196	34
26	244	205	34
26	246	204	34
26	246	205	34
26	248	263	34
26	255	238	34
26	244	231	34
26	245	203	43
26	245	204	43
26	246	208	44
26	245	207	44
26	245	209	24
26	259	230	24
26	257	201	24
26	250	245	17
26	251	245	17
26	246	203	17
26	247	203	17
26	258	202	17
26	248	255	17
26	247	260	40
26	257	281	40
26	259	201	30
26	250	246	30
27	243	205	4
27	252	242	4
27	252	243	4
27	251	246	4
27	252	244	4
27	246	245	4
27	244	204	31
27	245	206	31
27	247	207	31
27	249	200	31
27	248	259	31
27	246	206	31
27	246	244	31
27	259	277	31
27	250	245	17
27	246	208	17
27	251	245	17
27	246	203	17
27	244	206	17
27	247	203	17
27	245	207	17
27	258	202	17
27	248	255	17
27	259	196	34
27	244	205	34
27	246	204	34
27	246	205	34
27	248	263	34
27	255	238	34
27	244	231	34
27	245	203	43
27	245	204	43
27	245	209	24
27	259	230	24
27	257	201	24
27	259	201	30
27	250	246	30
28	243	205	4
28	252	242	4
28	252	243	4
28	251	246	4
28	252	244	4
28	257	201	4
28	244	204	31
28	245	206	31
28	247	207	31
28	249	200	31
28	248	259	31
28	246	206	31
28	259	277	31
28	244	205	34
28	246	204	34
28	246	205	34
28	245	203	34
28	245	204	34
28	248	263	34
28	244	231	34
28	250	245	17
28	246	208	17
28	251	245	17
28	246	203	17
28	244	206	17
28	247	203	17
28	245	207	17
28	258	202	17
28	248	255	17
28	245	209	24
28	249	247	24
28	259	201	30
28	250	246	30
29	243	205	4
29	244	205	4
29	246	205	4
29	252	242	4
29	252	243	4
29	246	206	4
29	248	263	4
29	244	231	4
29	244	204	31
29	245	206	31
29	247	207	31
29	249	200	31
29	248	259	31
29	259	277	31
29	246	204	34
29	245	203	34
29	245	204	34
29	250	245	17
29	246	208	17
29	251	245	17
29	251	246	17
29	252	244	17
29	245	207	17
29	257	201	17
29	258	202	17
29	248	255	17
29	248	248	17
29	245	209	24
29	249	247	24
29	246	203	45
29	247	203	45
29	259	201	30
29	250	246	30
30	240	206	37
30	241	205	37
30	244	205	34
30	246	204	34
30	245	204	34
30	248	263	34
30	245	206	31
30	249	200	31
30	248	259	31
30	259	277	31
30	246	208	44
30	245	207	44
30	245	209	24
30	249	247	24
30	246	203	45
30	247	203	45
30	251	245	17
30	252	243	17
30	252	244	17
30	246	245	17
30	258	202	17
30	248	255	17
30	251	246	46
30	257	201	46
31	240	206	37
31	241	205	37
31	244	204	31
31	245	206	31
31	249	200	31
31	248	259	31
31	259	277	31
31	251	245	17
31	252	243	17
31	258	202	17
31	248	263	17
31	244	205	34
31	246	204	34
31	245	204	34
31	246	208	44
31	245	207	44
31	245	209	24
31	251	246	24
31	252	244	24
31	249	247	24
31	246	245	24
31	257	201	24
31	246	203	45
31	247	203	45
31	257	202	47
31	259	195	47
32	243	205	4
32	252	242	4
32	244	204	31
32	245	206	31
32	249	200	31
32	248	259	31
32	259	277	31
32	255	238	31
32	244	231	31
32	244	205	34
32	246	204	34
32	245	204	34
32	246	208	44
32	245	207	44
32	245	209	48
32	249	247	48
32	246	203	45
32	247	203	45
32	251	245	24
32	252	243	24
32	251	246	24
32	252	244	24
32	257	201	24
33	243	205	4
33	252	242	4
33	244	204	10
33	245	206	10
33	251	243	10
33	244	205	34
33	246	204	34
33	245	204	34
33	249	200	31
33	248	259	31
33	259	277	31
33	255	238	31
33	244	231	31
33	246	208	24
33	251	245	24
33	252	243	24
33	251	246	24
33	252	244	24
33	245	207	24
33	246	245	24
33	257	201	24
33	248	254	24
33	245	209	48
33	249	247	48
33	257	199	28
33	258	194	28
34	243	205	4
34	252	242	4
34	244	204	31
34	245	206	31
34	249	200	31
34	248	259	31
34	246	206	31
34	259	277	31
34	255	238	31
34	244	231	31
34	244	205	34
34	246	204	34
34	245	204	34
34	246	208	24
34	251	245	24
34	252	243	24
34	251	246	24
34	252	244	24
34	245	207	24
34	246	245	24
34	257	201	24
34	245	209	48
34	249	247	48
35	243	205	4
35	252	242	4
35	244	204	31
35	245	206	31
35	249	200	31
35	248	259	31
35	246	206	31
35	259	277	31
35	244	231	31
35	244	205	34
35	246	204	34
35	245	203	34
35	245	204	34
35	246	208	24
35	251	245	24
35	252	243	24
35	251	246	24
35	252	244	24
35	245	207	24
35	246	245	24
35	257	201	24
35	245	209	48
35	249	247	48
35	257	202	30
35	250	246	30
36	243	205	4
36	252	242	4
36	244	204	31
36	245	206	31
36	244	205	34
36	246	204	34
36	246	208	44
36	245	207	44
36	249	200	49
36	259	277	49
36	251	245	24
36	252	243	24
36	251	246	24
36	252	244	24
37	243	205	4
37	252	242	4
37	244	204	31
37	245	206	31
37	249	200	31
37	248	259	31
37	259	277	31
37	244	231	31
37	244	205	34
37	246	204	34
37	244	244	50
37	248	243	50
37	250	245	24
37	246	208	24
37	251	245	24
37	252	243	24
37	251	246	24
37	252	244	24
37	245	207	24
37	257	202	30
37	250	246	30
37	259	230	46
37	257	201	46
38	240	206	37
38	241	205	37
38	244	205	34
38	246	204	34
38	248	259	31
38	255	238	31
38	244	231	31
38	244	244	50
38	248	243	50
38	246	208	24
38	245	207	24
38	251	245	51
38	252	244	51
38	247	243	51
38	249	200	49
38	259	277	49
38	257	202	30
38	250	246	30
39	244	205	34
39	246	204	34
39	244	244	50
39	248	243	50
39	246	208	24
39	245	207	24
39	252	244	51
39	247	243	51
39	249	200	49
39	259	277	49
40	244	205	34
40	246	204	34
40	244	244	50
40	248	243	50
40	246	208	24
40	245	207	24
40	249	200	49
40	259	277	49
41	244	244	50
41	248	243	50
42	244	244	50
42	248	243	50
43	243	205	4
43	252	242	4
43	244	244	50
43	248	243	50
43	251	245	51
43	252	244	51
43	247	243	51
44	243	205	4
44	252	242	4
44	251	245	51
44	252	244	51
44	247	243	51
45	243	205	4
45	252	242	4
45	251	245	51
45	252	244	51
45	247	243	51
46	243	205	4
46	252	242	4
47	243	205	4
47	252	242	4
47	251	245	51
47	252	244	51
48	243	205	4
48	252	242	4
49	243	205	4
49	252	242	4
50	243	205	4
50	252	242	4
51	243	205	4
51	252	242	4
52	243	205	4
52	252	242	4
53	243	205	4
53	252	242	4
54	243	205	4
54	252	242	4
55	243	205	4
55	252	242	4
86	245	204	52
86	253	193	52
87	242	204	36
87	245	204	36
95	242	203	5
95	243	202	5
96	242	203	5
96	246	243	5
96	243	202	5
96	244	203	34
96	246	204	34
96	244	204	34
97	242	203	5
97	243	202	5
97	242	204	36
97	245	204	36
97	246	204	34
97	244	204	34
98	242	203	5
98	243	202	5
98	242	204	36
98	245	204	36
98	246	204	34
98	244	204	34
99	242	203	5
99	243	202	5
99	242	204	36
99	245	204	36
99	244	203	34
99	246	204	34
99	244	204	34
100	242	203	5
100	243	202	5
100	244	203	34
100	246	204	34
100	244	204	34
100	251	245	53
100	252	243	53
100	247	206	53
101	242	203	5
101	243	202	5
101	242	204	36
101	245	204	36
101	244	203	34
101	246	204	34
101	244	204	34
102	242	203	5
102	243	202	5
102	242	204	36
102	245	204	36
102	244	203	34
102	246	204	34
102	244	204	34
103	242	203	5
103	243	202	5
103	242	204	36
103	245	204	36
103	244	203	34
103	246	204	34
103	244	204	34
104	242	203	5
104	243	202	5
104	242	204	36
104	245	204	36
104	243	205	4
104	252	243	4
104	244	203	34
104	246	204	34
104	244	204	34
105	242	203	5
105	246	243	5
105	243	202	5
105	242	204	36
105	245	204	36
105	243	205	4
105	252	243	4
105	244	203	54
105	245	205	54
105	251	242	54
105	246	204	34
105	244	204	34
105	252	242	34
105	245	203	10
105	251	243	10
106	242	203	5
106	246	243	5
106	243	202	5
106	252	241	5
106	243	205	4
106	252	243	4
106	244	203	34
106	246	204	34
106	244	204	34
106	245	205	34
106	245	203	10
106	251	243	10
107	242	203	5
107	243	202	5
107	243	205	4
107	252	243	4
107	244	203	34
107	246	204	34
107	244	204	34
107	245	205	34
107	245	203	10
107	251	243	10
107	246	243	55
107	245	206	55
107	252	241	55
108	242	203	5
108	243	202	5
108	242	204	36
108	245	204	36
108	246	243	55
108	245	203	55
108	245	206	55
108	251	243	55
108	246	206	55
108	252	241	55
108	243	205	4
108	252	243	4
108	244	203	34
108	246	204	34
108	244	204	34
108	245	205	34
109	242	203	5
109	246	243	5
109	243	205	5
109	243	202	5
109	252	241	5
109	244	203	34
109	246	204	34
109	244	204	34
109	245	205	34
109	245	203	55
109	245	206	55
109	251	243	55
109	246	206	55
110	242	201	56
110	249	243	56
110	242	203	5
110	246	243	5
110	243	205	5
110	243	202	5
110	252	241	5
110	244	203	34
110	246	204	34
110	244	204	34
110	245	203	55
110	245	206	55
110	251	243	55
110	245	204	55
110	245	205	55
110	246	206	55
111	242	201	56
111	249	243	56
111	242	203	5
111	246	243	5
111	243	205	5
111	245	206	5
111	243	202	5
111	252	241	5
111	244	203	34
111	246	204	34
111	243	203	34
111	244	204	34
111	252	242	34
111	245	203	55
111	251	243	55
111	245	205	55
111	246	206	55
112	242	201	56
112	249	243	56
112	242	202	56
112	242	203	5
112	243	203	5
112	243	202	5
112	246	243	55
112	245	203	55
112	245	206	55
112	251	243	55
112	245	204	55
112	246	206	55
112	252	241	55
112	243	205	4
112	252	243	4
112	251	244	4
112	247	206	4
112	244	203	34
112	246	204	34
112	244	204	34
112	252	242	34
112	245	205	34
112	244	205	57
112	246	205	57
113	242	203	5
113	243	202	5
113	242	201	5
113	249	243	5
113	242	204	36
113	245	204	36
113	243	205	4
113	252	243	4
113	251	244	4
113	247	206	4
113	246	243	55
113	245	203	55
113	245	206	55
113	251	243	55
113	246	206	55
113	252	241	55
113	244	203	34
113	246	204	34
113	244	204	34
113	252	242	34
113	245	205	34
113	244	205	57
113	246	205	57
113	250	242	58
113	259	193	58
114	242	203	5
114	243	202	5
114	242	201	5
114	249	243	5
114	244	203	55
114	242	204	55
114	245	203	55
114	251	243	55
114	245	204	55
114	245	205	55
114	246	206	55
114	246	243	4
114	243	205	4
114	252	243	4
114	245	206	4
114	247	206	4
114	246	204	34
114	244	204	34
114	252	242	34
114	244	205	57
114	246	205	57
115	242	201	5
115	249	243	5
115	242	203	57
115	244	205	57
115	246	205	57
115	243	202	57
115	244	203	55
115	242	204	55
115	245	203	55
115	251	243	55
115	245	204	55
115	245	205	55
115	246	206	55
115	243	205	4
115	252	243	4
115	247	206	4
115	246	243	34
115	246	204	34
115	244	204	34
115	252	242	34
115	245	206	34
116	242	201	5
116	249	243	5
116	242	203	57
116	244	205	57
116	246	205	57
116	243	202	57
116	242	204	4
116	243	205	4
116	252	243	4
116	245	204	4
116	246	243	55
116	245	203	55
116	245	206	55
116	251	243	55
116	244	203	59
116	245	205	59
116	246	204	34
116	244	204	34
116	252	242	34
116	244	206	60
116	246	206	60
117	242	201	5
117	249	243	5
117	242	203	57
117	244	205	57
117	246	205	57
117	243	202	57
117	246	243	55
117	243	205	55
117	245	206	55
117	244	206	55
117	246	206	55
117	244	203	59
117	246	204	59
117	245	203	59
117	245	204	59
117	245	205	59
117	244	204	34
117	252	242	34
118	242	201	5
118	249	243	5
118	242	203	57
118	244	205	57
118	246	205	57
118	243	202	57
118	246	243	55
118	243	205	55
118	245	206	55
118	248	232	55
118	246	204	59
118	245	203	59
118	244	206	59
118	245	204	59
118	246	206	59
118	244	203	61
118	245	205	61
118	244	204	34
118	252	242	34
119	242	203	5
119	242	201	5
119	249	243	5
119	244	205	57
119	246	204	57
119	246	205	57
119	243	202	57
119	246	243	55
119	243	205	55
119	248	232	55
119	245	203	59
119	245	206	59
119	244	206	59
119	245	204	59
119	246	206	59
119	244	203	61
119	245	205	61
119	244	204	34
119	252	242	34
119	251	244	62
119	246	245	62
120	242	203	5
120	242	201	5
120	249	243	5
120	246	243	57
120	244	205	57
120	246	204	57
120	246	205	57
120	243	202	57
120	243	204	59
120	245	203	59
120	245	206	59
120	244	206	59
120	245	204	59
120	246	206	59
120	243	205	55
120	248	232	55
120	244	203	61
120	245	205	61
120	244	204	34
120	252	242	34
120	251	244	62
120	245	246	62
120	246	245	62
120	250	242	58
120	259	193	58
121	242	203	5
121	244	205	5
121	246	205	5
121	243	202	5
121	242	201	5
121	249	243	5
121	246	243	57
121	246	204	57
121	244	204	57
121	252	242	57
121	243	204	59
121	244	202	59
121	245	203	59
121	245	206	59
121	244	206	59
121	245	204	59
121	253	237	59
121	246	206	59
121	243	205	55
121	248	232	55
121	244	203	61
121	245	205	61
121	251	244	62
121	245	246	62
121	246	245	62
121	250	242	58
121	259	193	58
121	255	192	13
121	250	244	13
122	242	203	5
122	244	205	5
122	246	205	5
122	243	202	5
122	242	201	5
122	249	243	5
122	247	197	57
122	246	243	57
122	246	204	57
122	244	204	57
122	252	242	57
122	245	206	57
122	243	205	55
122	243	206	55
122	248	232	55
122	257	192	55
122	244	203	61
122	245	203	61
122	245	204	61
122	245	205	61
122	249	210	61
122	244	202	59
122	244	206	59
122	246	206	59
122	251	244	62
122	246	245	62
122	250	242	58
122	259	193	58
122	255	192	13
122	250	244	13
123	242	203	5
123	242	201	5
123	249	243	5
123	246	243	55
123	243	205	55
123	244	205	55
123	246	204	55
123	246	205	55
123	243	202	55
123	248	232	55
123	244	202	59
123	245	203	59
123	245	206	59
123	244	206	59
123	245	204	59
123	253	237	59
123	246	206	59
123	249	210	59
123	244	203	61
123	244	204	61
123	252	242	61
123	245	205	61
123	251	244	62
123	246	245	62
123	250	242	58
123	259	193	58
123	255	192	13
123	250	244	13
124	242	203	5
124	242	201	5
124	249	243	5
124	246	243	55
124	243	205	55
124	244	205	55
124	246	204	55
124	246	205	55
124	243	202	55
124	248	232	55
124	244	202	59
124	245	203	59
124	245	206	59
124	244	206	59
124	245	204	59
124	253	237	59
124	246	206	59
124	249	210	59
124	244	203	61
124	244	204	61
124	252	242	61
124	245	205	61
124	251	244	62
124	245	246	62
124	246	245	62
124	250	242	58
124	259	193	58
124	255	192	13
124	250	244	13
124	258	194	63
124	254	196	63
125	242	203	55
125	246	243	55
125	243	205	55
125	246	204	55
125	243	202	55
125	242	201	55
125	249	243	55
125	248	232	55
125	242	204	4
125	248	260	4
125	245	203	59
125	245	206	59
125	244	206	59
125	245	204	59
125	253	237	59
125	246	206	59
125	249	210	59
125	244	205	64
125	244	202	64
125	246	205	64
125	244	203	61
125	244	204	61
125	252	242	61
125	245	205	61
125	251	244	62
125	252	244	62
125	245	246	62
125	246	245	62
125	248	255	62
125	250	242	58
125	259	193	58
125	255	192	13
125	250	244	13
125	258	194	63
125	254	196	63
126	242	203	55
126	246	244	55
126	242	201	55
126	249	243	55
126	246	243	65
126	246	204	65
126	243	202	65
126	243	205	66
126	248	232	66
126	245	203	59
126	245	206	59
126	252	244	59
126	244	206	59
126	245	204	59
126	253	237	59
126	246	206	59
126	248	255	59
126	249	210	59
126	244	205	64
126	244	202	64
126	246	205	64
126	244	203	61
126	245	205	61
126	244	204	34
126	252	242	34
126	251	244	62
126	245	246	62
126	246	245	62
126	250	242	58
126	259	193	58
126	255	192	13
126	250	244	13
126	258	194	63
126	254	196	63
127	242	203	55
127	246	244	55
127	242	201	55
127	249	243	55
127	246	243	65
127	246	204	65
127	245	206	65
127	244	206	65
127	243	202	65
127	243	205	59
127	245	203	59
127	245	204	59
127	253	237	59
127	246	206	59
127	248	255	59
127	248	232	59
127	257	192	59
127	249	210	59
127	244	205	64
127	244	202	64
127	246	205	64
127	244	203	61
127	244	204	61
127	252	242	61
127	245	205	61
127	251	244	62
127	245	246	62
127	246	245	62
127	250	242	58
127	259	193	58
127	255	192	13
127	250	244	13
128	242	203	55
128	246	243	55
128	246	204	55
128	243	202	55
128	242	201	55
128	249	243	55
128	243	205	66
128	248	232	66
128	257	192	66
128	244	203	59
128	245	203	59
128	252	244	59
128	245	204	59
128	253	237	59
128	245	205	59
128	248	255	59
128	249	210	59
128	244	204	61
128	252	242	61
128	244	205	64
128	246	205	64
128	245	206	65
128	244	206	65
128	246	206	65
128	251	244	62
128	245	246	62
128	246	245	62
128	250	242	58
128	259	193	58
128	255	192	13
128	250	244	13
129	242	203	55
129	246	244	55
129	243	202	55
129	242	201	55
129	249	243	55
129	243	205	66
129	248	232	66
129	257	192	66
129	245	203	59
129	245	204	59
129	253	237	59
129	246	206	59
129	249	210	59
129	244	203	67
129	246	243	67
129	245	205	67
129	244	204	61
129	252	242	61
129	244	205	64
129	246	205	64
129	245	206	65
129	244	206	65
129	251	244	62
129	245	246	62
129	246	245	62
129	250	242	58
129	259	193	58
130	242	203	55
130	246	244	55
130	243	202	55
130	242	201	55
130	249	243	55
130	243	205	66
130	248	232	66
130	257	192	66
130	245	203	59
130	245	204	59
130	253	237	59
130	246	206	59
130	249	210	59
130	244	203	67
130	246	243	67
130	245	205	67
130	244	205	64
130	246	205	64
130	245	206	65
130	244	206	65
130	251	244	62
130	245	246	62
130	246	245	62
130	250	242	58
130	259	193	58
131	242	203	55
131	246	244	55
131	243	202	55
131	242	201	55
131	249	243	55
131	240	203	55
131	242	204	4
131	248	260	4
131	243	205	66
131	244	207	66
131	247	202	66
131	248	232	66
131	257	192	66
131	244	203	67
131	246	243	67
131	245	205	67
131	244	205	64
131	246	205	64
131	245	203	59
131	245	204	59
131	253	237	59
131	246	206	59
131	249	210	59
131	251	244	62
131	245	246	62
131	246	245	62
131	250	242	58
131	259	193	58
131	255	192	13
131	250	244	13
132	242	203	55
132	243	202	55
132	242	201	55
132	249	243	55
132	257	192	55
132	240	203	55
132	251	227	55
132	243	205	66
132	244	207	66
132	247	202	66
132	248	232	66
132	252	242	59
132	245	203	59
132	245	206	59
132	244	206	59
132	245	204	59
132	253	237	59
132	246	206	59
132	249	210	59
132	244	203	67
132	246	243	67
132	246	204	67
132	245	205	67
132	244	205	64
132	246	205	64
132	251	244	62
132	252	244	62
132	245	246	62
132	246	245	62
132	250	242	58
132	259	193	58
132	255	192	13
132	250	244	13
133	242	203	55
133	243	202	55
133	242	201	55
133	249	243	55
133	257	192	55
133	240	203	55
133	251	227	55
133	243	205	66
133	244	207	66
133	247	202	66
133	248	232	66
133	252	242	59
133	245	203	59
133	244	206	59
133	245	204	59
133	253	237	59
133	246	206	59
133	249	210	59
133	244	205	64
133	244	202	64
133	246	205	64
133	244	203	67
133	246	243	67
133	246	204	67
133	245	205	67
133	252	243	62
133	251	244	62
133	245	246	62
133	246	245	62
133	250	242	58
133	259	193	58
134	242	203	55
134	242	201	55
134	249	243	55
134	240	203	55
134	243	205	66
134	243	202	66
134	248	232	66
134	257	192	66
134	251	227	66
134	244	205	64
134	244	202	64
134	246	205	64
134	244	203	67
134	246	243	67
134	246	204	67
134	245	205	67
134	244	204	59
134	252	242	59
134	245	203	59
134	245	204	59
134	246	206	59
134	249	210	59
134	251	244	62
134	245	246	62
134	246	245	62
134	250	242	58
134	259	193	58
135	242	203	55
135	243	202	55
135	242	201	55
135	249	243	55
135	240	203	55
135	251	227	55
135	243	205	66
135	248	232	66
135	257	192	66
135	244	205	64
135	244	202	64
135	246	205	64
135	244	203	67
135	245	203	67
135	245	205	67
135	246	206	67
135	244	204	59
135	252	242	59
135	245	204	59
135	249	210	59
135	251	244	62
135	245	246	62
135	246	245	62
135	246	243	68
135	246	204	68
135	250	242	58
135	259	193	58
135	251	243	54
135	251	242	54
136	244	205	64
136	244	202	64
136	246	205	64
136	238	203	64
136	242	203	55
136	243	202	55
136	242	201	55
136	249	243	55
136	251	227	55
136	242	204	4
136	245	203	4
136	248	260	4
136	246	206	4
136	243	205	66
136	248	232	66
136	257	192	66
136	244	203	67
136	246	243	67
136	246	204	67
136	245	205	67
136	244	204	59
136	252	242	59
136	245	204	59
136	249	210	59
136	245	206	65
136	244	206	65
136	251	244	62
136	245	246	62
136	246	245	62
136	250	242	58
136	259	193	58
136	251	243	54
136	251	242	54
137	244	205	64
137	244	202	64
137	246	205	64
137	238	203	64
137	242	203	55
137	246	243	55
137	246	204	55
137	246	244	55
137	243	202	55
137	242	201	55
137	249	243	55
137	251	227	55
137	244	203	4
137	242	204	4
137	245	203	4
137	251	243	4
137	245	205	4
137	248	260	4
137	246	206	4
137	251	242	4
137	243	205	66
137	248	232	66
137	257	192	66
137	244	204	59
137	252	242	59
137	245	204	59
137	249	210	59
137	245	206	65
137	244	206	65
137	251	244	62
137	245	246	62
137	246	245	62
137	250	242	58
137	259	193	58
138	242	203	55
138	246	244	55
138	243	202	55
138	242	201	55
138	249	243	55
138	251	227	55
138	244	203	4
138	246	243	4
138	242	204	4
138	246	204	4
138	245	203	4
138	251	243	4
138	245	205	4
138	248	260	4
138	251	242	4
138	243	205	66
138	248	232	66
138	257	192	66
138	244	205	64
138	244	202	64
138	246	205	64
138	244	204	59
138	252	242	59
138	245	204	59
138	249	210	59
138	245	206	65
138	244	206	65
138	251	244	62
138	245	246	62
138	246	245	62
138	250	242	58
138	259	193	58
138	255	192	13
138	250	244	13
139	242	203	55
139	246	244	55
139	243	202	55
139	242	201	55
139	249	243	55
139	251	227	55
139	244	203	4
139	246	243	4
139	242	204	4
139	246	204	4
139	245	203	4
139	245	205	4
139	248	260	4
139	243	205	66
139	257	192	66
139	244	205	64
139	244	202	64
139	246	205	64
139	245	230	64
139	245	206	65
139	244	206	65
139	252	242	59
139	245	204	59
139	249	210	59
139	251	244	62
139	245	246	62
139	246	245	62
139	250	242	58
139	259	193	58
140	246	244	55
140	243	202	55
140	242	201	55
140	249	243	55
140	251	227	55
140	243	205	66
140	257	192	66
140	244	202	64
140	245	230	64
140	244	203	67
140	245	205	67
140	244	205	69
140	246	205	69
140	245	206	65
140	244	206	65
140	246	243	4
140	246	204	4
140	245	203	4
140	248	260	4
140	252	242	59
140	245	204	59
140	249	210	59
140	251	244	62
140	245	246	62
140	250	242	58
140	259	193	58
141	246	244	55
141	243	202	55
141	242	201	55
141	249	243	55
141	250	242	55
141	251	227	55
141	243	205	66
141	257	192	66
141	243	206	70
141	258	195	70
141	244	205	64
141	244	202	64
141	246	205	64
141	245	230	64
141	244	203	4
141	246	243	4
141	246	204	4
141	245	203	4
141	245	205	4
141	248	260	4
141	248	198	4
141	245	206	65
141	244	206	65
141	252	242	59
141	245	204	59
141	249	210	59
141	251	244	62
141	245	246	62
142	242	203	55
142	246	244	55
142	243	202	55
142	242	201	55
142	249	243	55
142	250	242	55
142	259	193	55
142	251	227	55
142	244	203	4
142	246	243	4
142	246	204	4
142	245	203	4
142	245	205	4
142	248	260	4
142	248	198	4
142	243	205	66
142	257	192	66
142	243	206	70
142	258	195	70
142	244	205	64
142	244	202	64
142	246	205	64
142	245	230	64
142	245	206	65
142	244	206	65
142	252	242	59
142	245	204	59
142	249	210	59
142	251	244	62
142	245	246	62
143	252	242	59
143	245	204	59
143	249	210	59
143	241	203	59
143	242	203	55
143	243	202	55
143	242	201	55
143	250	242	55
143	259	193	55
143	251	227	55
143	244	203	4
143	246	243	4
143	242	204	4
143	245	203	4
143	245	205	4
143	248	260	4
143	243	205	66
143	257	192	66
143	243	206	70
143	258	195	70
143	244	205	64
143	244	202	64
143	246	205	64
143	245	230	64
143	245	206	65
143	244	206	65
144	252	242	59
144	245	204	59
144	246	245	59
144	249	210	59
144	241	203	59
144	246	244	55
144	243	202	55
144	242	201	55
144	250	242	55
144	259	193	55
144	251	227	55
144	244	203	4
144	246	243	4
144	242	204	4
144	245	203	4
144	245	205	4
144	248	260	4
144	243	205	66
144	257	192	66
144	243	206	70
144	258	195	70
144	244	205	64
144	244	202	64
144	246	205	64
144	251	243	64
144	245	230	64
144	245	206	65
144	244	206	65
144	247	207	71
144	245	229	71
145	246	244	55
145	242	201	55
145	251	227	55
145	246	243	4
145	242	204	4
145	245	203	4
145	251	243	4
145	248	260	4
145	243	202	72
145	250	242	72
145	259	193	72
145	252	236	72
145	243	205	66
145	257	192	66
145	243	206	70
145	258	195	70
145	244	203	64
145	244	205	64
145	244	202	64
145	246	205	64
145	245	205	64
145	245	230	64
145	245	206	65
145	244	206	65
145	252	242	59
145	245	204	59
145	249	210	59
145	251	244	73
145	247	200	73
145	248	262	73
145	247	199	73
146	246	244	55
146	242	201	55
146	251	227	55
146	246	243	4
146	242	204	4
146	246	205	4
146	245	203	4
146	251	243	4
146	248	260	4
146	243	202	72
146	250	242	72
146	259	193	72
146	243	205	66
146	257	192	66
146	244	203	64
146	244	205	64
146	244	202	64
146	245	205	64
146	245	230	64
146	245	206	65
146	244	206	65
146	252	242	59
146	245	204	59
146	249	210	59
147	246	244	55
147	242	201	55
147	251	227	55
147	246	243	4
147	242	204	4
147	245	203	4
147	251	243	4
147	248	260	4
147	243	202	72
147	250	242	72
147	243	205	66
147	257	192	66
147	243	206	70
147	258	195	70
147	244	205	64
147	244	202	64
147	246	205	64
147	245	230	64
147	244	203	67
147	245	205	67
147	245	206	65
147	244	206	65
147	252	242	59
147	245	204	59
147	249	210	59
148	246	244	55
148	242	201	55
148	251	227	55
148	246	243	4
148	242	204	4
148	245	203	4
148	251	243	4
148	248	260	4
148	243	202	72
148	250	242	72
148	259	193	72
148	243	205	66
148	257	192	66
148	243	206	70
148	258	195	70
148	259	199	74
148	243	208	74
148	244	205	64
148	244	202	64
148	246	205	64
148	245	230	64
148	244	203	67
148	245	205	67
148	245	206	65
148	244	206	65
148	252	242	59
148	245	204	59
148	249	210	59
148	257	193	75
148	258	292	75
149	252	244	76
149	227	240	76
149	241	206	77
149	250	203	77
149	246	244	55
149	242	201	55
149	251	227	55
149	246	243	4
149	242	204	4
149	245	203	4
149	248	260	4
149	243	202	72
149	248	243	72
149	250	242	72
149	259	193	72
149	243	205	66
149	257	192	66
149	243	206	70
149	258	195	70
149	244	203	64
149	244	205	64
149	244	202	64
149	245	205	64
149	245	230	64
149	246	205	13
149	251	243	13
149	248	198	13
149	250	244	13
149	251	242	13
149	245	206	65
149	244	206	65
149	245	204	59
149	249	210	59
149	251	244	62
149	245	246	62
149	248	262	73
149	247	199	73
149	257	193	75
149	258	292	75
150	241	206	77
150	250	203	77
150	246	244	55
150	242	201	55
150	251	227	55
150	246	243	4
150	242	204	4
150	245	203	4
150	251	243	4
150	248	260	4
150	251	242	4
150	257	194	4
150	243	202	72
150	248	243	72
150	250	242	72
150	259	193	72
150	243	205	66
150	257	192	66
150	243	206	70
150	258	195	70
150	259	199	74
150	243	208	74
150	244	202	64
150	245	230	64
150	244	203	67
150	245	205	67
150	244	205	13
150	246	205	13
150	245	206	65
150	244	206	65
150	252	242	59
150	245	204	59
150	249	210	59
150	251	244	73
150	248	262	73
150	247	199	73
151	252	244	76
151	227	240	76
151	244	203	4
151	246	243	4
151	242	204	4
151	245	203	4
151	245	205	4
151	248	260	4
151	243	202	72
151	248	243	72
151	250	242	72
151	259	193	72
151	243	205	66
151	257	192	66
151	243	206	70
151	258	195	70
151	259	199	74
151	243	208	74
151	244	202	64
151	245	230	64
151	244	205	13
151	246	205	13
151	251	243	13
151	251	242	13
151	257	194	13
151	245	206	65
151	244	206	65
151	252	242	59
151	245	204	59
151	249	210	59
151	251	244	73
151	248	262	73
151	247	199	73
152	252	244	76
152	227	240	76
152	246	244	55
152	242	201	55
152	251	227	55
152	244	203	4
152	246	243	4
152	242	204	4
152	244	205	4
152	246	205	4
152	245	203	4
152	251	243	4
152	245	205	4
152	248	260	4
152	251	242	4
152	257	194	4
152	243	202	72
152	248	243	72
152	250	242	72
152	259	193	72
152	243	205	66
152	257	192	66
152	243	206	70
152	258	195	70
152	259	199	74
152	243	208	74
152	244	202	64
152	245	230	64
152	245	206	65
152	244	206	65
152	252	242	59
152	245	204	59
152	249	210	59
152	245	229	59
152	245	243	59
152	251	244	73
152	248	262	73
152	247	199	73
153	242	201	55
153	251	227	55
153	242	204	65
153	245	206	65
153	244	206	65
153	248	260	65
153	243	202	72
153	248	243	72
153	250	242	72
153	259	193	72
153	243	205	66
153	257	192	66
153	243	206	70
153	258	195	70
153	259	199	74
153	243	208	74
153	244	202	64
153	245	230	64
153	244	205	4
153	246	205	4
153	251	243	4
153	245	204	4
153	245	205	4
153	257	194	4
153	246	243	78
153	245	203	78
153	251	242	78
153	249	244	78
153	252	242	59
153	245	243	59
153	251	244	73
153	248	262	73
153	247	199	73
153	259	196	79
153	256	244	79
154	242	201	55
154	251	227	55
154	242	204	65
154	259	192	65
154	245	203	65
154	245	206	65
154	244	206	65
154	248	260	65
154	246	243	72
154	243	202	72
154	248	243	72
154	250	242	72
154	259	193	72
154	243	205	66
154	257	192	66
154	243	206	70
154	258	195	70
154	259	199	74
154	243	208	74
154	256	202	80
154	244	246	80
154	252	242	59
154	245	243	59
154	246	205	4
154	251	243	4
154	257	194	4
154	251	244	73
154	248	262	73
154	247	199	73
154	259	196	79
154	256	244	79
155	246	243	81
155	259	192	81
155	245	203	81
155	240	235	81
155	242	201	55
155	251	227	55
155	242	204	65
155	248	260	65
155	243	202	72
155	248	243	72
155	250	242	72
155	259	193	72
155	243	205	66
155	257	192	66
155	245	206	60
155	244	206	60
155	256	202	80
155	244	246	80
155	252	242	59
155	245	243	59
155	246	205	4
155	251	243	4
155	257	194	4
155	251	242	78
155	249	244	78
155	259	196	79
155	256	244	79
155	257	204	79
156	246	243	81
156	240	235	81
156	246	244	55
156	242	201	55
156	251	227	55
156	242	204	65
156	248	260	65
156	243	202	72
156	248	243	72
156	250	242	72
156	259	193	72
156	243	205	66
156	257	192	66
156	244	202	64
156	245	230	64
156	259	192	60
156	245	203	60
156	245	206	60
156	244	206	60
156	256	202	80
156	244	246	80
156	252	242	59
156	245	243	59
156	246	205	4
156	251	243	4
156	257	194	4
156	251	244	73
156	247	199	73
156	248	198	78
156	251	242	78
156	259	196	79
156	256	244	79
156	257	204	79
157	246	243	72
157	243	202	72
157	248	243	72
157	250	242	72
157	259	193	72
157	240	235	72
157	246	244	55
157	242	201	55
157	251	227	55
157	242	204	65
157	248	260	65
157	243	205	66
157	257	192	66
157	244	202	64
157	245	230	64
157	259	192	60
157	245	203	60
157	245	206	60
157	244	206	60
157	256	202	80
157	244	246	80
157	252	242	59
157	245	243	59
157	250	243	59
157	246	205	4
157	251	243	4
157	257	194	4
157	251	244	73
157	247	199	73
157	259	196	79
157	256	244	79
157	257	204	79
158	246	243	72
158	243	202	72
158	248	243	72
158	250	242	72
158	259	193	72
158	240	235	72
158	246	244	55
158	242	201	55
158	251	227	55
158	242	204	65
158	248	260	65
158	243	205	66
158	257	192	66
158	244	202	64
158	245	230	64
158	259	192	60
158	245	203	60
158	245	206	60
158	244	206	60
158	256	202	80
158	244	246	80
158	252	242	59
158	245	243	59
158	250	243	59
158	246	205	4
158	251	243	4
158	257	194	4
158	251	244	73
158	247	199	73
158	259	196	79
158	256	244	79
159	252	242	59
159	245	243	59
159	250	243	59
159	240	202	59
159	246	243	72
159	244	205	72
159	243	202	72
159	248	243	72
159	250	242	72
159	259	193	72
159	240	235	72
159	246	244	55
159	242	201	55
159	251	227	55
159	242	204	65
159	248	260	65
159	243	205	66
159	257	192	66
159	245	206	60
159	244	206	60
159	256	202	80
159	244	246	80
159	259	192	43
159	245	203	43
159	246	205	4
159	251	243	4
159	257	194	4
159	253	238	82
159	258	203	82
159	259	196	79
159	256	244	79
159	257	204	79
160	246	243	81
160	240	235	81
160	246	244	55
160	242	201	55
160	251	227	55
160	242	204	65
160	248	260	65
160	243	202	72
160	248	243	72
160	250	242	72
160	259	193	72
160	243	205	66
160	257	192	66
160	243	206	70
160	258	195	70
160	245	206	60
160	244	206	60
160	256	202	80
160	244	246	80
160	259	192	43
160	245	203	43
160	252	242	59
160	245	243	59
160	250	243	59
160	246	205	4
160	251	243	4
160	253	238	82
160	258	203	82
160	259	196	79
160	256	244	79
161	246	243	81
161	240	235	81
161	246	244	55
161	242	201	55
161	251	227	55
161	243	202	72
161	250	242	72
161	259	193	72
161	243	205	66
161	257	192	66
161	245	206	60
161	244	206	60
161	256	202	80
161	244	246	80
161	259	192	43
161	245	203	43
161	252	242	59
161	245	243	59
161	250	243	59
161	253	238	82
161	258	203	82
162	246	243	81
162	240	235	81
162	246	244	55
162	242	201	55
162	251	227	55
162	242	204	65
162	248	260	65
162	245	244	65
162	243	202	72
162	250	242	72
162	259	193	72
162	243	205	66
162	257	192	66
162	243	206	70
162	258	195	70
162	245	206	60
162	244	206	60
162	256	202	80
162	244	246	80
162	259	192	43
162	245	203	43
162	245	243	59
162	250	243	59
162	251	243	4
162	257	194	4
162	253	238	82
162	258	203	82
163	252	242	83
163	240	202	83
163	246	243	81
163	240	235	81
163	242	204	65
163	248	260	65
163	245	244	65
163	243	202	72
163	250	242	72
163	259	193	72
163	243	205	66
163	257	192	66
163	245	206	60
163	244	206	60
163	259	192	43
163	245	203	43
163	245	243	59
163	250	243	59
163	251	243	4
163	257	194	4
163	253	238	82
163	258	203	82
164	242	204	65
164	248	260	65
164	245	244	65
164	243	202	72
164	250	242	72
164	243	205	66
164	257	192	66
164	243	206	70
164	258	195	70
164	245	206	60
164	244	206	60
164	259	192	43
164	245	203	43
164	245	243	59
164	250	243	59
164	253	238	82
164	258	203	82
164	259	196	79
164	257	204	79
165	242	204	65
165	248	260	65
165	245	244	65
165	243	202	72
165	250	242	72
165	243	205	66
165	257	192	66
165	243	206	70
165	258	195	70
165	245	206	60
165	244	206	60
165	259	192	43
165	245	203	43
165	245	243	59
165	250	243	59
165	253	238	82
165	258	203	82
166	242	204	65
166	248	260	65
166	245	244	65
166	243	202	72
166	250	242	72
166	259	193	72
166	243	205	66
166	257	192	66
166	245	243	59
166	250	243	59
166	250	245	84
166	258	200	84
166	253	238	82
166	258	203	82
167	242	204	65
167	248	260	65
167	243	202	72
167	250	242	72
167	245	243	59
167	250	243	59
167	253	238	82
167	258	203	82
168	242	204	65
168	244	206	65
168	248	260	65
168	243	202	72
168	250	242	72
168	245	243	59
168	250	243	59
168	250	245	84
168	258	200	84
168	253	238	82
168	258	203	82
169	242	204	65
169	248	260	65
169	243	202	72
169	250	242	72
169	245	243	59
169	250	243	59
170	242	204	65
170	244	206	65
170	248	260	65
170	243	202	72
170	250	242	72
170	245	243	59
170	250	243	59
170	250	245	84
170	258	200	84
171	242	204	65
171	245	206	65
171	244	206	65
171	248	260	65
171	243	202	72
171	250	242	72
171	245	243	59
171	250	243	59
171	248	261	85
171	257	287	85
171	250	245	84
171	258	200	84
172	242	204	86
172	245	244	86
172	252	242	65
172	245	206	65
172	244	206	65
172	248	260	65
172	243	202	72
172	250	242	72
172	245	205	59
172	245	243	59
172	250	243	59
172	248	261	85
172	257	287	85
172	250	245	84
172	258	200	84
173	242	204	86
173	245	244	86
173	252	242	65
173	244	206	65
173	248	260	65
173	243	202	72
173	250	242	72
173	245	243	59
173	250	243	59
173	250	245	84
173	258	200	84
174	242	204	65
174	252	242	65
174	244	206	65
174	248	260	65
174	245	244	65
174	243	202	72
174	250	242	72
174	245	243	59
174	250	243	59
174	248	261	85
174	257	287	85
174	250	245	84
174	258	200	84
175	242	204	65
175	252	242	65
175	244	206	65
175	248	260	65
175	243	202	72
175	250	242	72
175	251	243	87
175	245	197	87
175	245	205	59
175	245	243	59
175	250	243	59
175	248	261	85
175	257	287	85
175	250	245	84
175	258	200	84
176	242	204	65
176	252	242	65
176	244	206	65
176	248	260	65
176	245	244	65
176	243	202	72
176	250	242	72
176	245	205	59
176	245	243	59
176	250	243	59
176	247	201	88
176	251	204	88
176	248	261	85
176	257	287	85
176	250	245	84
176	258	200	84
177	242	204	65
177	245	206	65
177	244	206	65
177	248	260	65
177	245	244	65
177	245	205	59
177	245	243	59
177	250	243	59
177	259	197	59
177	251	245	53
177	246	207	53
177	250	245	84
177	258	200	84
178	242	204	65
178	252	242	65
178	248	260	65
178	245	205	59
178	245	243	59
178	250	243	59
178	259	197	59
178	251	245	53
178	246	207	53
178	248	261	85
178	257	287	85
179	242	204	65
179	252	242	65
179	248	260	65
179	245	205	59
179	245	243	59
179	250	243	59
179	259	197	59
179	251	245	53
179	246	207	53
180	245	243	59
180	250	243	59
180	259	197	59
181	251	245	53
181	246	207	53
181	250	243	59
181	259	197	59
182	250	243	59
182	259	197	59
192	247	201	88
192	251	204	88
193	247	201	88
193	251	204	88
193	250	245	84
193	251	245	84
194	250	245	84
194	251	245	84
195	250	245	84
195	251	245	84
196	250	245	84
196	251	245	84
197	250	245	84
197	251	245	84
198	250	245	84
198	251	245	84
199	250	245	84
199	251	245	84
200	250	245	84
200	251	245	84
201	250	245	84
201	251	245	84
202	250	245	84
202	251	245	84
203	250	245	84
203	251	245	84
204	250	245	84
204	251	245	84
205	244	205	89
205	256	249	89
205	250	245	84
205	251	245	84
206	250	245	84
206	251	245	84
207	250	245	84
207	251	245	84
208	250	245	84
208	251	245	84
209	250	245	84
209	251	245	84
210	250	245	84
210	251	245	84
211	250	245	84
211	251	245	84
212	250	245	84
212	251	245	84
213	250	245	84
213	251	245	84
213	250	246	30
213	258	201	30
214	245	243	90
214	243	201	90
214	250	245	84
214	251	245	84
214	250	246	30
214	258	201	30
215	245	243	90
215	243	201	90
215	250	245	84
215	251	245	84
215	250	246	30
215	258	201	30
216	245	243	90
216	243	201	90
216	250	245	84
216	251	245	84
217	245	243	90
217	243	201	90
217	250	245	84
217	251	245	84
218	242	202	56
218	243	201	56
218	250	245	84
218	251	245	84
219	250	245	84
219	251	245	84
220	242	202	56
220	245	243	56
220	243	201	56
220	250	245	84
220	251	245	84
221	242	202	56
221	243	201	56
221	250	245	84
221	251	245	84
222	240	206	91
222	242	209	91
222	242	202	56
222	245	243	56
222	243	201	56
222	250	245	84
222	251	245	84
223	240	206	91
223	242	209	91
223	242	202	56
223	245	243	56
223	243	201	56
223	250	245	84
223	251	245	84
224	240	206	91
224	242	209	91
224	242	202	56
224	243	201	56
224	250	245	84
224	251	245	84
225	240	206	91
225	242	209	91
225	242	202	56
225	243	201	56
225	250	245	84
225	251	245	84
226	240	206	91
226	242	209	91
226	242	202	56
226	243	201	56
226	250	245	84
226	251	245	84
227	240	206	91
227	242	209	91
227	242	202	56
227	243	201	56
227	251	242	78
227	250	242	78
227	250	245	84
227	251	245	84
228	240	206	91
228	242	209	91
228	242	202	56
228	243	201	56
228	251	242	78
228	250	242	78
228	250	245	84
228	251	245	84
229	240	206	91
229	242	209	91
229	242	202	56
229	243	201	56
229	251	242	78
229	250	242	78
229	250	245	84
229	251	245	84
230	240	206	91
230	242	209	91
230	242	202	56
230	243	201	56
230	251	242	78
230	250	242	78
230	250	245	84
230	251	245	84
231	240	206	91
231	242	209	91
231	259	201	92
231	244	209	92
231	251	242	78
231	250	242	78
231	250	245	84
231	251	245	84
232	240	206	91
232	242	209	91
232	246	204	78
232	251	242	78
232	250	242	78
232	250	245	84
232	251	245	84
233	240	206	91
233	242	209	91
233	259	201	92
233	245	209	92
233	244	209	92
233	246	204	78
233	251	242	78
233	250	242	78
233	250	245	84
233	251	245	84
234	240	206	91
234	242	209	91
234	242	202	56
234	243	201	56
234	259	201	92
234	245	209	92
234	244	209	92
234	246	204	78
234	251	242	78
234	250	242	78
234	250	245	84
234	251	245	84
235	240	206	91
235	242	209	91
235	242	202	56
235	243	201	56
235	259	201	92
235	245	209	92
235	244	209	92
235	255	202	92
235	246	204	78
235	251	242	78
235	250	242	78
235	250	245	84
235	251	245	84
236	242	202	56
236	243	201	56
236	259	201	92
236	245	209	92
236	244	209	92
236	255	202	92
236	246	204	78
236	251	242	78
236	250	242	78
236	250	245	84
236	251	245	84
237	242	202	56
237	243	201	56
237	259	201	92
237	245	209	92
237	244	209	92
237	255	202	92
237	246	204	78
237	251	242	78
237	250	242	78
237	250	245	84
237	251	245	84
238	242	202	56
238	243	201	56
238	259	201	92
238	245	209	92
238	244	209	92
238	255	202	92
238	246	204	78
238	251	242	78
238	250	245	84
238	251	245	84
239	242	202	56
239	243	201	56
239	245	209	92
239	244	209	92
239	255	202	92
239	246	204	78
239	251	242	78
239	250	245	84
239	251	245	84
240	242	202	56
240	243	201	56
240	245	209	92
240	244	209	92
240	255	202	92
240	246	204	78
240	251	242	78
240	250	245	84
240	251	245	84
241	242	202	56
241	243	201	56
241	259	201	92
241	245	209	92
241	244	209	92
241	255	202	92
241	246	204	78
241	251	242	78
241	250	245	84
241	251	245	84
242	245	209	92
242	244	209	92
242	246	204	78
242	251	242	78
242	250	245	84
242	251	245	84
243	245	209	92
243	244	209	92
243	246	204	78
243	251	242	78
243	250	242	78
243	250	245	84
243	251	245	84
244	245	209	92
244	242	209	92
244	244	209	92
244	246	204	78
244	251	242	78
244	250	242	78
244	250	245	84
244	251	245	84
245	245	209	92
245	242	209	92
245	244	209	92
245	246	204	78
245	251	242	78
245	250	245	84
245	251	245	84
246	245	209	92
246	242	209	92
246	244	209	92
248	245	209	92
248	242	209	92
248	244	209	92
249	245	209	92
249	242	209	92
249	244	209	92
250	245	209	92
250	242	209	92
250	244	209	92
251	245	209	92
251	242	209	92
251	244	209	92
252	245	209	92
252	242	209	92
252	244	209	92
253	245	209	92
253	242	209	92
253	244	209	92
254	245	209	92
254	242	209	92
254	244	209	92
256	246	204	78
256	251	242	78
257	246	204	78
257	251	242	78
259	245	209	92
259	242	209	92
259	251	245	84
259	244	206	84
259	246	204	78
259	251	242	78
260	245	209	92
260	242	209	92
260	251	245	84
260	244	206	84
261	245	209	92
261	242	209	92
261	250	245	84
261	251	245	84
262	245	209	92
262	242	209	92
262	251	243	87
262	248	260	87
262	250	245	84
262	251	245	84
263	243	203	87
263	251	243	87
263	248	260	87
263	246	205	13
263	246	206	13
263	250	245	84
263	251	245	84
264	245	209	92
264	242	209	92
264	246	205	13
264	246	206	13
264	251	243	87
264	248	260	87
264	250	245	84
264	251	245	84
265	245	209	92
265	242	209	92
265	251	243	87
265	248	260	87
265	250	245	84
265	251	245	84
266	245	209	92
266	242	209	92
266	246	205	13
266	246	206	13
266	250	245	84
266	251	245	84
267	245	209	92
267	242	209	92
268	245	209	92
268	242	209	92
278	246	204	93
278	256	248	93
278	246	205	13
278	246	206	13
279	246	205	13
279	246	206	13
280	246	204	93
280	256	248	93
280	246	205	13
280	246	206	13
281	246	204	93
281	256	248	93
281	246	205	13
281	246	206	13
282	246	204	93
282	256	248	93
282	246	205	13
282	246	206	13
283	246	204	93
283	256	248	93
283	246	205	13
283	246	206	13
284	246	204	93
284	256	248	93
285	246	204	93
285	256	248	93
286	246	204	93
286	256	248	93
286	246	205	13
286	246	245	13
287	245	206	24
287	245	207	24
287	246	204	93
287	256	248	93
287	246	205	13
287	246	245	13
288	246	204	93
288	256	248	93
288	246	205	13
288	246	245	13
289	246	204	93
289	256	248	93
289	246	205	13
289	246	245	13
290	246	204	93
290	256	248	93
290	246	205	13
290	246	245	13
291	246	204	93
291	256	248	93
291	246	205	13
291	246	245	13
291	246	206	13
292	246	204	93
292	256	248	93
292	246	205	13
292	246	245	13
292	246	206	13
293	246	204	93
293	256	248	93
293	246	205	13
293	246	245	13
293	246	206	13
294	246	204	93
294	256	248	93
294	246	205	13
294	246	245	13
294	246	206	13
294	252	242	65
294	246	244	65
295	243	204	1
295	248	259	1
295	246	204	93
295	256	248	93
295	246	205	13
295	246	245	13
295	246	206	13
296	243	204	1
296	248	259	1
296	246	204	93
296	256	248	93
296	246	205	13
296	246	245	13
296	246	206	13
297	243	204	1
297	248	259	1
297	246	204	93
297	256	248	93
297	246	205	13
297	246	245	13
297	246	206	13
298	243	204	1
298	248	259	1
298	246	204	93
298	256	248	93
298	246	205	13
298	246	245	13
298	246	206	13
299	240	204	94
299	248	244	94
299	243	204	1
299	248	259	1
299	246	204	93
299	256	248	93
299	246	205	13
299	246	245	13
299	246	206	13
300	240	204	94
300	248	244	94
300	246	204	93
300	256	248	93
300	246	205	13
300	246	245	13
301	240	204	94
301	248	244	94
301	246	204	93
301	256	248	93
301	246	205	13
301	246	245	13
302	246	204	93
302	256	248	93
302	246	205	13
302	246	245	13
303	246	205	13
303	246	245	13
304	246	205	13
304	246	245	13
304	252	242	65
304	246	244	65
305	246	243	81
305	246	204	81
305	246	205	13
305	246	206	13
305	252	244	76
305	246	245	76
305	248	260	76
305	252	242	65
305	246	244	65
306	246	243	81
306	246	204	81
306	246	205	76
306	252	244	76
306	246	245	76
306	248	260	76
307	240	204	94
307	248	244	94
307	246	243	81
307	246	204	81
307	246	205	13
307	246	206	13
307	251	244	76
307	252	244	76
307	246	245	76
307	248	260	76
308	246	208	24
308	245	207	24
308	246	205	13
308	246	206	13
308	251	244	76
308	252	244	76
308	246	245	76
308	248	260	76
309	245	206	65
309	246	244	65
309	246	243	81
309	246	204	81
309	248	258	81
309	246	205	13
309	246	245	13
309	248	260	13
309	246	206	13
309	251	245	84
309	251	244	84
309	251	246	84
310	245	206	65
310	246	244	65
310	246	243	81
310	246	204	81
310	246	205	13
310	246	245	13
310	248	260	13
310	246	206	13
310	251	245	84
310	251	244	84
310	251	246	84
311	241	206	95
311	240	207	95
311	246	243	81
311	246	204	81
311	245	203	81
311	245	208	65
311	245	206	65
311	246	244	65
311	246	205	13
311	246	245	13
311	248	260	13
311	246	206	13
311	251	245	84
311	251	244	84
311	251	246	84
312	240	204	94
312	248	244	94
312	241	206	95
312	240	207	95
312	246	243	81
312	246	204	81
312	245	203	81
312	248	258	81
312	245	208	65
312	245	206	65
312	246	244	65
312	246	205	13
312	251	244	13
312	251	246	13
312	246	245	13
312	248	260	13
312	246	206	13
313	240	204	94
313	248	244	94
313	246	243	81
313	246	204	81
313	245	203	81
313	245	208	65
313	245	206	65
313	246	244	65
313	246	205	13
313	246	206	13
313	251	245	84
313	251	244	84
313	246	245	84
314	246	243	81
314	246	204	81
314	245	203	81
314	246	205	13
314	246	206	13
314	251	244	84
314	246	245	84
315	240	204	94
315	248	244	94
315	246	243	81
315	246	204	81
315	245	203	81
315	251	243	87
315	248	260	87
315	246	205	13
315	246	206	13
315	252	243	65
315	246	244	65
316	240	204	94
316	248	244	94
316	246	243	81
316	246	204	81
316	245	203	81
316	248	260	81
316	246	205	13
316	246	206	13
316	252	243	65
316	246	244	65
317	240	204	94
317	248	244	94
317	246	243	81
317	246	204	81
317	245	203	81
317	246	205	13
317	246	206	13
317	250	245	65
317	251	245	65
317	251	244	65
317	246	244	65
318	240	204	94
318	248	244	94
318	246	243	81
318	246	204	81
318	245	203	81
318	246	205	13
318	246	206	13
318	250	245	65
318	251	245	65
318	251	244	65
319	246	243	81
319	246	204	81
319	245	203	81
319	246	205	13
319	246	206	13
319	250	245	65
319	251	245	65
319	251	244	65
320	246	243	81
320	246	204	81
320	245	203	81
320	246	205	13
320	246	206	13
320	250	245	65
320	251	245	65
320	251	244	65
321	246	243	81
321	246	204	81
321	245	203	81
321	246	205	13
321	246	206	13
321	247	207	71
321	246	244	71
321	250	245	65
321	251	245	65
321	251	244	65
322	246	243	81
322	246	204	81
322	245	203	81
322	248	260	81
322	246	205	13
322	246	206	13
322	247	207	71
322	246	244	71
322	250	245	65
322	251	245	65
322	251	244	65
323	252	243	71
323	245	203	71
323	247	207	71
323	246	244	71
323	246	243	81
323	246	204	81
323	248	260	81
323	246	205	13
323	246	206	13
323	250	245	65
323	251	245	65
323	251	244	65
324	246	204	81
324	245	203	81
324	248	260	81
324	245	208	71
324	246	244	71
324	246	205	13
324	246	206	13
324	251	245	65
324	251	244	65
325	240	204	94
325	248	244	94
325	246	204	81
325	245	203	81
325	248	260	81
325	245	208	71
325	252	243	71
325	246	244	71
325	246	205	13
325	246	206	13
325	251	245	65
325	251	244	65
