1	228	245	1
1	239	221	1
1	241	238	1
1	243	233	1
1	248	199	1
1	259	196	1
1	237	206	1
1	247	197	1
1	249	202	1
1	252	200	1
1	245	205	1
1	258	277	1
1	249	197	1
1	249	259	2
1	243	203	2
1	246	202	2
1	246	205	2
1	246	208	2
1	258	280	2
1	251	246	2
1	244	230	2
1	245	207	2
1	251	239	2
1	258	214	2
1	256	190	2
1	245	234	2
1	246	207	2
1	248	260	2
1	246	246	2
1	254	204	2
1	255	197	2
1	231	224	3
1	257	202	3
1	237	236	3
1	259	201	3
1	242	207	3
1	243	207	3
1	252	190	3
1	245	209	3
1	252	244	3
1	244	207	3
1	244	210	3
1	248	203	3
1	250	246	3
1	249	200	3
1	245	246	3
1	246	245	3
1	250	247	3
1	254	202	3
1	256	237	3
1	258	202	3
1	246	237	3
1	239	185	4
1	247	204	4
1	250	245	4
1	239	236	4
1	255	192	4
1	240	228	4
1	244	203	4
1	254	224	4
1	242	204	4
1	243	204	4
1	243	205	4
1	244	205	4
1	246	204	4
1	259	192	4
1	244	204	4
1	248	261	4
1	244	195	4
1	251	240	4
1	246	203	4
1	247	201	4
1	248	200	4
1	251	244	4
1	252	232	4
1	245	252	4
1	247	200	4
1	251	243	4
1	242	203	5
1	246	243	5
1	259	194	5
1	257	196	5
1	256	199	5
1	252	188	5
1	244	202	6
1	245	208	6
1	245	203	6
1	248	256	6
1	258	197	6
1	245	204	6
1	253	237	6
1	245	245	6
1	251	198	6
1	252	231	6
1	253	243	6
1	255	196	6
1	258	196	6
1	245	215	6
1	254	191	6
1	246	209	6
1	251	230	6
1	258	201	6
1	256	195	6
1	251	245	7
1	247	207	7
1	248	262	7
1	245	201	7
1	245	202	7
1	247	248	7
1	248	254	7
1	252	245	7
1	248	255	7
1	251	189	7
1	252	242	8
1	252	243	8
1	245	206	8
1	244	206	8
1	247	203	8
1	247	244	8
1	248	259	8
1	246	206	8
1	246	244	8
1	248	201	8
1	259	202	8
1	248	263	8
1	259	277	8
1	259	195	8
1	246	201	9
1	244	250	9
1	249	247	9
1	259	230	9
1	257	201	9
1	247	202	9
1	249	180	9
1	256	202	9
1	249	246	9
1	248	198	10
1	256	194	10
1	248	239	11
1	258	198	11
1	250	199	12
1	255	199	12
1	254	281	13
1	257	235	13
1	257	277	14
1	259	199	14
2	228	245	1
2	239	221	1
2	243	233	1
2	259	196	1
2	247	197	1
2	255	192	1
2	244	203	1
2	242	204	1
2	243	205	1
2	244	205	1
2	246	204	1
2	243	203	1
2	248	261	1
2	249	202	1
2	252	200	1
2	248	200	1
2	251	243	1
2	245	205	1
2	258	277	1
2	255	196	1
2	249	197	1
2	256	195	1
2	255	238	1
2	231	224	3
2	257	202	3
2	237	236	3
2	259	201	3
2	242	203	3
2	259	194	3
2	242	207	3
2	243	207	3
2	252	190	3
2	247	201	3
2	244	210	3
2	248	203	3
2	250	246	3
2	258	196	3
2	254	202	3
2	248	201	3
2	256	199	3
2	259	195	3
2	254	200	3
2	241	238	15
2	249	259	15
2	239	185	15
2	250	245	15
2	245	209	15
2	244	195	15
2	251	240	15
2	251	246	15
2	252	232	15
2	248	256	15
2	252	244	15
2	258	197	15
2	245	246	15
2	246	245	15
2	250	247	15
2	256	237	15
2	246	207	15
2	248	254	15
2	252	245	15
2	246	209	15
2	253	233	15
2	243	206	15
2	254	224	8
2	246	205	8
2	252	242	8
2	252	243	8
2	245	206	8
2	251	244	8
2	247	207	8
2	248	262	8
2	247	203	8
2	244	207	8
2	244	230	8
2	247	244	8
2	249	200	8
2	248	259	8
2	245	245	8
2	247	248	8
2	246	206	8
2	246	244	8
2	248	263	8
2	259	277	8
2	249	240	8
2	250	232	8
2	248	199	6
2	243	204	6
2	244	202	6
2	246	202	6
2	246	208	6
2	245	208	6
2	251	245	6
2	245	203	6
2	246	203	6
2	244	206	6
2	245	201	6
2	245	202	6
2	245	204	6
2	245	207	6
2	251	239	6
2	252	231	6
2	253	243	6
2	258	202	6
2	248	260	6
2	248	255	6
2	244	204	4
2	245	252	4
2	247	200	4
2	246	201	9
2	249	247	9
2	259	230	9
2	257	201	9
2	247	202	9
2	249	180	9
2	256	202	9
2	249	246	9
2	248	198	10
2	256	194	10
2	244	232	10
2	259	202	16
2	250	199	16
2	254	281	13
2	257	235	13
3	228	245	1
3	239	221	1
3	243	233	1
3	259	196	1
3	247	197	1
3	255	192	1
3	242	204	1
3	243	205	1
3	244	205	1
3	246	204	1
3	243	203	1
3	246	202	1
3	248	261	1
3	249	202	1
3	252	200	1
3	245	202	1
3	245	205	1
3	258	277	1
3	255	196	1
3	256	195	1
3	240	214	1
3	252	246	1
3	249	259	15
3	246	201	15
3	245	209	15
3	251	246	15
3	258	197	15
3	249	247	15
3	259	230	15
3	246	245	15
3	250	247	15
3	256	237	15
3	257	201	15
3	246	207	15
3	248	254	15
3	256	202	15
3	249	246	15
3	254	281	15
3	257	235	15
3	253	233	15
3	243	206	15
3	254	240	15
3	231	224	3
3	257	202	3
3	237	236	3
3	259	201	3
3	259	194	3
3	242	207	3
3	243	207	3
3	252	190	3
3	247	201	3
3	244	207	3
3	244	210	3
3	248	203	3
3	250	246	3
3	258	196	3
3	245	246	3
3	248	201	3
3	256	199	3
3	259	195	3
3	254	224	8
3	246	205	8
3	244	204	8
3	252	242	8
3	252	243	8
3	245	206	8
3	251	244	8
3	245	252	8
3	247	207	8
3	248	256	8
3	248	262	8
3	252	244	8
3	244	230	8
3	247	244	8
3	249	200	8
3	248	259	8
3	247	248	8
3	246	206	8
3	252	245	8
3	246	209	8
3	246	244	8
3	248	263	8
3	259	277	8
3	238	218	8
3	248	248	8
3	250	244	8
3	239	185	4
3	250	245	4
3	244	203	4
3	244	195	4
3	251	240	4
3	248	200	4
3	252	232	4
3	247	200	4
3	248	199	6
3	243	204	6
3	244	202	6
3	246	208	6
3	245	208	6
3	251	245	6
3	245	203	6
3	246	203	6
3	251	243	6
3	244	206	6
3	245	201	6
3	245	204	6
3	245	207	6
3	251	239	6
3	252	231	6
3	253	243	6
3	258	202	6
3	248	260	6
3	243	202	6
3	248	198	10
3	256	194	10
3	244	232	10
3	247	203	17
3	245	245	17
3	254	191	17
3	249	240	17
3	248	233	17
4	231	224	3
4	257	202	3
4	237	236	3
4	259	201	3
4	242	207	3
4	243	207	3
4	252	190	3
4	247	201	3
4	250	246	3
4	258	196	3
4	248	201	3
4	259	195	3
4	241	207	3
4	254	224	8
4	245	206	8
4	248	256	8
4	244	210	8
4	248	203	8
4	244	250	8
4	247	244	8
4	256	237	8
4	246	209	8
4	256	199	8
4	256	202	8
4	254	281	8
4	238	218	8
4	248	248	8
4	250	244	8
4	254	240	8
4	239	185	4
4	250	245	4
4	244	203	4
4	242	204	4
4	243	204	4
4	244	204	4
4	251	245	4
4	252	243	4
4	244	195	4
4	251	240	4
4	246	203	4
4	248	200	4
4	251	244	4
4	252	232	4
4	245	252	4
4	247	200	4
4	247	207	4
4	248	262	4
4	244	207	4
4	245	201	4
4	247	248	4
4	248	260	4
4	248	263	4
4	251	230	4
4	259	196	10
4	246	202	10
4	246	205	10
4	244	230	10
4	245	202	10
4	248	259	10
4	246	206	10
4	246	244	10
4	248	198	10
4	256	194	10
4	259	277	10
4	255	238	10
4	240	214	10
4	243	233	1
4	247	197	1
4	255	192	1
4	244	205	1
4	246	204	1
4	243	203	1
4	248	261	1
4	249	202	1
4	252	200	1
4	245	205	1
4	258	277	1
4	253	233	1
4	243	206	1
4	252	246	1
4	258	281	1
4	246	208	18
4	244	206	18
4	245	207	18
4	251	239	18
4	258	214	18
4	258	202	18
4	248	199	6
4	243	205	6
4	244	202	6
4	245	208	6
4	252	242	6
4	245	203	6
4	251	246	6
4	251	243	6
4	252	244	6
4	245	204	6
4	252	231	6
4	253	243	6
4	246	207	6
4	252	245	6
4	256	254	6
4	249	259	15
4	246	201	15
4	245	209	15
4	258	197	15
4	247	203	15
4	249	247	15
4	249	200	15
4	259	230	15
4	245	245	15
4	245	246	15
4	246	245	15
4	250	247	15
4	257	201	15
4	248	254	15
4	249	246	15
4	249	240	15
4	259	202	16
4	250	199	16
4	255	196	19
4	256	195	19
5	231	224	18
5	257	202	18
5	242	207	18
5	246	208	18
5	251	245	18
5	246	203	18
5	244	206	18
5	247	203	18
5	244	207	18
5	244	210	18
5	245	201	18
5	245	207	18
5	251	239	18
5	245	245	18
5	258	202	18
5	248	260	18
5	248	255	18
5	259	195	18
5	249	240	18
5	237	236	3
5	259	201	3
5	247	201	3
5	250	246	3
5	258	196	3
5	246	201	15
5	245	209	15
5	251	246	15
5	248	256	15
5	258	197	15
5	244	250	15
5	249	247	15
5	259	230	15
5	246	245	15
5	250	247	15
5	256	237	15
5	257	201	15
5	248	254	15
5	246	209	15
5	249	246	15
5	238	218	15
5	254	240	15
5	239	185	4
5	250	245	4
5	244	203	4
5	242	204	4
5	244	195	4
5	251	240	4
5	248	200	4
5	252	232	4
5	247	200	4
5	245	246	4
5	251	230	4
5	259	196	10
5	246	202	10
5	245	206	10
5	247	207	10
5	245	202	10
5	247	244	10
5	249	200	10
5	248	259	10
5	246	244	10
5	248	198	10
5	256	194	10
5	259	277	10
5	244	232	10
5	250	232	10
5	255	238	10
5	240	214	10
5	243	233	20
5	247	197	20
5	255	192	20
5	240	228	20
5	254	224	20
5	252	200	20
5	256	200	20
5	250	198	20
5	242	203	21
5	246	243	21
5	243	204	1
5	244	205	1
5	246	204	1
5	243	203	1
5	246	205	1
5	244	204	1
5	248	261	1
5	245	252	1
5	248	262	1
5	244	230	1
5	247	248	1
5	248	263	1
5	248	199	6
5	249	259	6
5	243	205	6
5	244	202	6
5	245	208	6
5	252	242	6
5	252	243	6
5	245	203	6
5	251	244	6
5	251	243	6
5	252	244	6
5	245	204	6
5	252	231	6
5	246	207	6
5	246	206	6
5	252	245	6
5	248	248	6
5	243	206	22
5	253	227	22
5	243	207	23
5	252	190	23
5	245	205	24
5	258	277	24
5	257	277	14
5	259	199	14
6	231	224	18
6	257	202	18
6	242	207	18
6	244	202	18
6	246	208	18
6	251	245	18
6	245	203	18
6	246	203	18
6	244	206	18
6	247	203	18
6	244	207	18
6	245	201	18
6	245	204	18
6	245	207	18
6	251	239	18
6	258	202	18
6	248	260	18
6	248	255	18
6	259	195	18
6	237	236	3
6	259	201	3
6	247	201	3
6	250	246	3
6	258	196	3
6	239	185	4
6	250	245	4
6	244	195	4
6	251	240	4
6	248	200	4
6	251	244	4
6	252	232	4
6	246	209	4
6	243	233	20
6	247	197	20
6	239	236	20
6	255	192	20
6	240	228	20
6	254	224	20
6	252	200	20
6	256	237	20
6	257	196	20
6	255	191	20
6	244	203	1
6	242	204	1
6	243	204	1
6	243	205	1
6	244	205	1
6	246	204	1
6	243	203	1
6	246	205	1
6	244	204	1
6	245	208	1
6	252	242	1
6	252	243	1
6	245	206	1
6	245	252	1
6	247	200	1
6	251	243	1
6	244	230	1
6	252	231	1
6	248	263	1
6	242	203	21
6	246	243	21
6	243	206	22
6	253	227	22
6	259	196	10
6	246	202	10
6	247	207	10
6	245	202	10
6	247	244	10
6	249	200	10
6	248	259	10
6	246	206	10
6	246	244	10
6	259	277	10
6	250	232	10
6	255	238	10
6	246	201	15
6	245	209	15
6	251	246	15
6	248	256	15
6	248	262	15
6	252	244	15
6	258	197	15
6	244	210	15
6	244	250	15
6	249	247	15
6	259	230	15
6	245	246	15
6	246	245	15
6	247	248	15
6	250	247	15
6	257	201	15
6	246	207	15
6	248	254	15
6	249	246	15
6	254	281	15
6	248	248	15
6	254	240	15
6	253	235	15
6	245	205	24
6	258	277	24
6	245	245	25
6	249	240	25
6	257	277	14
6	259	199	14
7	231	224	4
7	244	195	4
7	251	240	4
7	249	200	4
7	245	207	4
7	251	239	4
7	248	255	4
7	259	277	4
7	257	202	18
7	244	202	18
7	246	202	18
7	246	208	18
7	251	245	18
7	245	203	18
7	246	203	18
7	244	206	18
7	247	203	18
7	244	207	18
7	244	210	18
7	245	201	18
7	245	204	18
7	258	202	18
7	248	260	18
7	259	195	18
7	237	236	3
7	259	201	3
7	247	201	3
7	250	246	3
7	258	196	3
7	243	233	20
7	247	197	20
7	239	236	20
7	255	192	20
7	240	228	20
7	244	203	20
7	254	224	20
7	242	204	20
7	252	200	20
7	252	232	20
7	256	200	20
7	255	191	20
7	259	196	10
7	243	205	10
7	245	208	10
7	252	242	10
7	252	243	10
7	247	207	10
7	248	259	10
7	246	206	10
7	252	245	10
7	246	244	10
7	248	263	10
7	255	238	10
7	240	214	10
7	248	248	10
7	242	203	21
7	246	243	21
7	243	204	1
7	244	205	1
7	246	204	1
7	243	203	1
7	246	205	1
7	244	204	1
7	245	206	1
7	245	252	1
7	248	262	1
7	251	243	1
7	244	230	1
7	245	202	1
7	247	244	1
7	252	231	1
7	247	248	1
7	250	232	1
7	243	206	22
7	253	227	22
7	250	245	15
7	245	209	15
7	248	200	15
7	251	244	15
7	251	246	15
7	248	256	15
7	252	244	15
7	258	197	15
7	244	250	15
7	245	246	15
7	246	245	15
7	250	247	15
7	246	207	15
7	248	254	15
7	246	209	15
7	254	281	15
7	254	240	15
7	253	235	15
7	245	205	24
7	258	277	24
7	246	201	26
7	249	247	26
7	259	230	26
7	257	201	26
7	249	246	26
7	257	277	14
7	259	199	14
8	231	224	18
8	257	202	18
8	259	201	18
8	250	245	18
8	251	245	18
8	247	201	18
8	248	200	18
8	247	203	18
8	244	210	18
8	250	246	18
8	245	201	18
8	258	196	18
8	245	246	18
8	258	202	18
8	248	260	18
8	248	255	18
8	259	195	18
8	243	233	20
8	239	236	20
8	255	192	20
8	240	228	20
8	252	200	20
8	244	203	27
8	254	224	27
8	242	204	27
8	243	205	27
8	244	202	27
8	245	208	27
8	252	242	27
8	252	243	27
8	249	202	27
8	245	203	27
8	246	203	27
8	246	232	27
8	246	251	27
8	243	203	28
8	246	202	28
8	246	205	28
8	246	208	28
8	258	280	28
8	244	230	28
8	245	207	28
8	243	204	1
8	244	205	1
8	246	204	1
8	244	204	1
8	248	261	1
8	245	206	1
8	245	252	1
8	251	243	1
8	245	202	1
8	245	204	1
8	252	231	1
8	245	209	15
8	251	244	15
8	251	246	15
8	248	256	15
8	252	244	15
8	258	197	15
8	244	250	15
8	246	245	15
8	250	247	15
8	248	254	15
8	246	209	15
8	254	281	15
8	248	248	15
8	254	240	15
8	253	235	15
8	259	196	10
8	247	207	10
8	244	206	10
8	247	244	10
8	249	200	10
8	248	259	10
8	246	206	10
8	246	244	10
8	248	263	10
8	259	277	10
8	255	238	10
8	246	201	26
8	249	247	26
8	259	230	26
8	257	201	26
8	249	246	26
8	257	277	14
8	259	199	14
9	231	224	1
9	244	205	1
9	246	204	1
9	248	261	1
9	251	243	1
9	245	204	1
9	248	255	1
9	257	202	18
9	259	201	18
9	247	201	18
9	250	246	18
9	245	201	18
9	258	196	18
9	258	202	18
9	259	195	18
9	232	184	18
9	237	206	26
9	246	201	26
9	249	247	26
9	259	230	26
9	257	201	26
9	249	246	26
9	243	233	20
9	239	236	20
9	255	192	20
9	240	228	20
9	244	203	20
9	254	224	20
9	242	204	20
9	252	200	20
9	255	191	20
9	259	196	10
9	243	203	10
9	246	202	10
9	246	205	10
9	258	280	10
9	245	206	10
9	247	207	10
9	245	202	10
9	247	244	10
9	249	200	10
9	248	259	10
9	246	206	10
9	246	244	10
9	248	263	10
9	255	238	10
9	240	214	10
9	250	245	27
9	243	204	27
9	243	205	27
9	244	202	27
9	246	208	27
9	245	208	27
9	251	245	27
9	252	242	27
9	252	243	27
9	245	203	27
9	246	203	27
9	248	200	27
9	244	206	27
9	247	203	27
9	245	207	27
9	244	204	15
9	245	209	15
9	251	244	15
9	251	246	15
9	245	252	15
9	248	256	15
9	252	244	15
9	258	197	15
9	244	210	15
9	245	246	15
9	246	245	15
9	250	247	15
9	248	254	15
9	248	260	15
9	252	245	15
9	246	209	15
9	254	281	15
9	248	248	15
9	254	240	15
9	253	235	15
9	246	232	29
9	246	251	29
9	257	199	30
9	258	194	30
10	231	224	26
10	257	202	26
10	237	206	26
10	259	201	26
10	245	209	26
10	258	197	26
10	250	246	26
10	249	247	26
10	259	230	26
10	258	196	26
10	245	246	26
10	257	201	26
10	248	255	26
10	249	246	26
10	259	195	26
10	232	184	26
10	248	199	27
10	244	203	27
10	242	204	27
10	243	204	27
10	243	205	27
10	244	204	27
10	245	208	27
10	252	242	27
10	252	243	27
10	251	244	27
10	245	252	27
10	250	245	28
10	243	203	28
10	246	202	28
10	246	205	28
10	246	208	28
10	258	280	28
10	244	230	28
10	245	207	28
10	243	233	13
10	255	192	13
10	254	281	13
10	259	196	10
10	245	206	10
10	247	207	10
10	247	244	10
10	249	200	10
10	248	259	10
10	246	206	10
10	246	244	10
10	248	263	10
10	255	238	10
10	248	256	15
10	252	244	15
10	246	245	15
10	250	247	15
10	246	207	15
10	248	254	15
10	248	260	15
10	246	209	15
10	248	248	15
10	254	240	15
10	253	235	15
10	244	205	1
10	246	204	1
10	248	261	1
10	251	243	1
10	245	204	1
10	251	245	18
10	245	203	18
10	246	203	18
10	251	246	18
10	244	206	18
10	247	203	18
10	244	210	18
10	245	201	18
10	258	202	18
11	231	224	1
11	244	203	1
11	242	204	1
11	243	204	1
11	244	205	1
11	246	204	1
11	244	204	1
11	251	244	1
11	245	252	1
11	251	243	1
11	252	244	1
11	245	204	1
11	246	245	1
11	248	254	1
11	248	255	1
11	257	202	26
11	237	206	26
11	259	201	26
11	246	202	26
11	246	208	26
11	245	209	26
11	258	197	26
11	244	210	26
11	250	246	26
11	249	247	26
11	259	230	26
11	245	207	26
11	258	196	26
11	245	246	26
11	257	201	26
11	249	246	26
11	259	195	26
11	232	184	26
11	250	245	27
11	243	205	27
11	252	242	27
11	252	243	27
11	248	200	27
11	243	233	13
11	255	192	13
11	250	247	13
11	254	281	13
11	254	240	13
11	253	235	13
11	255	191	13
11	259	196	10
11	246	205	10
11	245	206	10
11	247	207	10
11	247	244	10
11	249	200	10
11	248	259	10
11	246	244	10
11	259	277	10
11	255	238	10
11	248	199	18
11	245	208	18
11	251	245	18
11	245	203	18
11	246	203	18
11	251	246	18
11	244	206	18
11	247	203	18
11	245	201	18
11	258	202	18
11	248	260	18
11	248	256	15
11	246	206	15
11	246	209	15
11	248	248	15
11	246	232	29
11	246	251	29
12	231	224	26
12	257	202	26
12	237	206	26
12	249	247	26
12	245	204	26
12	259	230	26
12	257	201	26
12	248	255	26
12	249	246	26
12	259	195	26
12	232	184	26
12	244	203	1
12	242	204	1
12	243	204	1
12	243	205	1
12	244	205	1
12	246	204	1
12	244	204	1
12	252	242	1
12	252	243	1
12	245	206	1
12	251	244	1
12	245	252	1
12	251	243	1
12	248	230	1
12	243	233	13
12	255	192	13
12	254	281	13
12	254	240	13
12	255	191	13
12	251	245	18
12	248	261	18
12	245	203	18
12	246	203	18
12	244	206	18
12	247	203	18
12	244	210	18
12	245	201	18
12	258	202	18
12	248	260	18
12	248	198	18
12	244	232	18
12	245	209	31
12	251	246	31
12	252	244	31
12	258	197	31
12	245	246	31
12	246	245	31
12	250	247	31
12	248	254	31
12	253	235	31
12	250	245	10
12	246	202	10
12	246	205	10
12	246	208	10
12	248	200	10
12	247	207	10
12	249	200	10
12	248	259	10
12	245	207	10
12	251	239	10
12	246	244	10
12	259	277	10
12	248	256	15
12	246	206	15
12	246	209	15
12	248	248	15
12	248	199	32
12	259	201	32
12	245	208	32
12	250	246	32
12	258	196	32
12	259	196	33
12	255	238	33
13	231	224	1
13	243	204	1
13	244	205	1
13	246	204	1
13	243	203	1
13	244	204	1
13	245	206	1
13	245	252	1
13	251	243	1
13	245	204	1
13	248	255	1
13	248	230	1
13	257	202	32
13	259	201	32
13	245	209	32
13	251	246	32
13	248	256	32
13	258	197	32
13	250	246	32
13	249	247	32
13	259	230	32
13	258	196	32
13	257	201	32
13	246	209	32
13	249	246	32
13	244	203	15
13	242	204	15
13	243	205	15
13	246	205	15
13	252	242	15
13	252	243	15
13	248	259	15
13	246	206	15
13	246	244	15
13	259	195	15
13	248	248	15
13	243	233	13
13	255	192	13
13	251	245	18
13	245	203	18
13	246	203	18
13	247	207	18
13	244	206	18
13	247	203	18
13	244	210	18
13	258	202	18
13	248	198	18
13	244	232	18
13	248	199	31
13	250	245	31
13	245	208	31
13	251	244	31
13	252	244	31
13	246	245	31
13	248	254	31
13	248	260	31
13	246	202	10
13	246	208	10
13	249	200	10
13	245	207	10
13	250	247	10
13	259	277	10
13	254	281	10
13	254	240	10
13	253	235	10
13	253	237	34
13	248	233	34
13	259	196	33
13	255	238	33
14	231	224	18
14	251	245	18
14	245	203	18
14	246	203	18
14	244	206	18
14	247	203	18
14	245	204	18
14	248	198	18
14	248	255	18
14	244	232	18
14	257	202	32
14	259	201	32
14	245	209	32
14	258	197	32
14	244	210	32
14	250	246	32
14	249	247	32
14	259	230	32
14	258	196	32
14	257	201	32
14	249	246	32
14	259	195	32
14	243	204	1
14	244	205	1
14	246	204	1
14	244	204	1
14	245	252	1
14	251	243	1
14	250	245	15
14	243	205	15
14	246	202	15
14	252	242	15
14	252	243	15
14	245	206	15
14	251	244	15
14	251	246	15
14	247	207	15
14	252	244	15
14	248	259	15
14	246	206	15
14	246	244	15
14	248	263	15
14	248	248	15
14	246	208	10
14	249	200	10
14	245	207	10
14	259	277	10
14	248	199	31
14	245	208	31
14	246	245	35
14	250	247	35
14	254	281	35
14	254	240	35
14	253	235	35
14	248	256	36
14	246	209	36
15	231	224	37
15	245	204	37
15	248	255	37
15	257	202	32
15	259	201	32
15	245	209	32
15	258	197	32
15	244	210	32
15	250	246	32
15	249	247	32
15	259	230	32
15	258	196	32
15	257	201	32
15	249	246	32
15	259	195	32
15	243	204	1
15	244	205	1
15	246	204	1
15	244	204	1
15	245	252	1
15	251	243	1
15	243	205	15
15	245	208	15
15	252	242	15
15	252	243	15
15	251	244	15
15	251	246	15
15	248	256	15
15	252	244	15
15	248	263	15
15	248	248	15
15	243	233	13
15	255	192	13
15	246	202	10
15	245	206	10
15	247	207	10
15	249	200	10
15	248	259	10
15	246	206	10
15	246	244	10
15	259	202	10
15	259	277	10
15	250	245	18
15	246	208	18
15	251	245	18
15	245	203	18
15	246	203	18
15	244	206	18
15	247	203	18
15	245	207	18
15	248	198	18
15	244	232	18
15	246	245	35
15	250	247	35
15	254	281	35
15	254	240	35
16	243	204	1
16	244	205	1
16	246	204	1
16	246	205	1
16	244	204	1
16	245	206	1
16	245	252	1
16	251	243	1
16	243	205	10
16	245	208	10
16	252	242	10
16	252	243	10
16	251	244	10
16	247	207	10
16	249	200	10
16	248	259	10
16	246	206	10
16	246	244	10
16	248	263	10
16	259	277	10
16	250	245	15
16	251	246	15
16	248	256	15
16	252	244	15
16	246	245	15
16	248	254	15
16	248	248	15
16	247	243	15
16	251	245	18
16	245	203	18
16	246	203	18
16	244	206	18
16	247	203	18
16	245	201	18
16	258	202	18
16	248	255	18
16	257	202	32
16	259	201	32
16	246	208	32
16	245	209	32
16	258	197	32
16	244	210	32
16	250	246	32
16	249	247	32
16	245	207	32
16	258	196	32
16	257	201	32
16	249	246	32
16	250	247	35
16	254	281	35
16	254	240	35
16	245	231	38
16	253	236	38
16	259	196	33
16	255	238	33
17	244	203	39
17	242	204	39
17	243	204	1
17	244	205	1
17	246	204	1
17	244	204	1
17	245	206	1
17	251	243	1
17	243	205	10
17	245	208	10
17	252	242	10
17	252	243	10
17	251	244	10
17	247	207	10
17	249	200	10
17	248	259	10
17	246	206	10
17	246	244	10
17	248	263	10
17	259	277	10
17	250	245	15
17	251	246	15
17	248	256	15
17	252	244	15
17	246	245	15
17	248	254	15
17	248	248	15
17	251	245	18
17	245	203	18
17	246	203	18
17	244	206	18
17	247	203	18
17	248	255	18
17	257	202	32
17	246	208	32
17	245	209	32
17	258	197	32
17	244	210	32
17	249	247	32
17	245	207	32
17	250	247	32
17	257	201	32
17	249	246	32
17	254	281	32
17	254	240	32
17	259	201	40
17	250	246	40
17	258	196	40
17	245	231	38
17	253	236	38
18	240	206	41
18	241	205	41
18	243	204	1
18	244	205	1
18	246	204	1
18	244	204	1
18	245	206	1
18	251	243	1
18	250	245	15
18	243	205	15
18	252	242	15
18	252	243	15
18	251	244	15
18	251	246	15
18	248	256	15
18	252	244	15
18	248	254	15
18	248	248	15
18	253	235	42
18	243	234	42
18	251	245	18
18	245	203	18
18	246	203	18
18	244	206	18
18	247	203	18
18	258	202	18
18	248	255	18
18	248	263	18
18	257	202	32
18	246	208	32
18	246	201	32
18	245	209	32
18	258	197	32
18	244	210	32
18	249	247	32
18	259	230	32
18	245	207	32
18	246	245	32
18	257	201	32
18	249	246	32
18	247	207	10
18	249	200	10
18	248	259	10
18	246	206	10
18	246	244	10
18	259	277	10
18	259	201	40
18	250	246	40
18	258	196	40
18	245	231	38
18	253	236	38
18	250	247	35
18	254	281	35
18	254	240	35
19	243	204	10
19	246	202	10
19	244	204	10
19	245	206	10
19	247	207	10
19	251	243	10
19	249	200	10
19	248	259	10
19	246	244	10
19	259	277	10
19	250	245	15
19	243	205	15
19	252	242	15
19	252	243	15
19	251	246	15
19	248	256	15
19	252	244	15
19	248	248	15
19	253	235	42
19	243	234	42
19	259	196	33
19	244	205	33
19	246	204	33
19	246	205	33
19	246	206	33
19	255	238	33
19	244	231	33
19	251	245	18
19	246	203	18
19	251	244	18
19	244	206	18
19	247	203	18
19	258	202	18
19	248	255	18
19	248	263	18
19	246	208	32
19	246	201	32
19	245	209	32
19	258	197	32
19	244	210	32
19	249	247	32
19	259	230	32
19	245	207	32
19	246	245	32
19	250	247	32
19	257	201	32
19	254	281	32
19	254	240	32
19	259	201	40
19	250	246	40
19	258	196	40
19	245	231	38
19	253	236	38
20	248	199	39
20	244	203	39
20	242	204	39
20	244	205	39
20	246	204	39
20	246	205	39
20	244	204	39
20	245	206	39
20	251	243	39
20	243	205	15
20	252	242	15
20	252	243	15
20	252	244	15
20	246	245	15
20	248	254	15
20	248	248	15
20	243	206	43
20	254	225	43
20	253	235	42
20	243	234	42
20	250	245	18
20	251	245	18
20	246	203	18
20	244	206	18
20	247	203	18
20	258	202	18
20	248	255	18
20	244	232	18
20	259	196	33
20	247	207	33
20	248	259	33
20	246	206	33
20	246	244	33
20	248	263	33
20	255	238	33
20	244	231	33
20	245	203	44
20	245	204	44
20	246	208	32
20	246	201	32
20	245	209	32
20	249	247	32
20	249	200	32
20	259	230	32
20	245	207	32
20	257	201	32
20	259	277	32
20	245	231	38
20	253	236	38
20	259	201	40
20	250	246	40
21	248	199	39
21	244	203	39
21	242	204	39
21	244	205	39
21	246	204	39
21	246	205	39
21	244	204	39
21	245	203	39
21	251	243	39
21	245	204	39
21	250	245	15
21	243	205	15
21	251	245	15
21	252	242	15
21	252	243	15
21	251	246	15
21	248	256	15
21	252	244	15
21	246	245	15
21	258	202	15
21	248	254	15
21	248	255	15
21	248	263	15
21	248	248	15
21	243	206	43
21	254	225	43
21	259	196	33
21	245	206	33
21	247	207	33
21	248	259	33
21	246	206	33
21	246	244	33
21	255	238	33
21	244	231	33
21	246	203	18
21	244	206	18
21	247	203	18
21	244	232	18
21	246	208	32
21	245	209	32
21	244	210	32
21	249	247	32
21	249	200	32
21	259	230	32
21	245	207	32
21	257	201	32
21	259	277	32
21	245	231	38
21	253	236	38
21	247	260	45
21	257	281	45
21	259	201	40
21	250	246	40
21	258	196	40
22	248	199	39
22	244	203	39
22	242	204	39
22	244	205	39
22	246	205	39
22	244	204	39
22	245	206	39
22	251	243	39
22	244	231	39
22	250	245	15
22	243	205	15
22	251	245	15
22	252	242	15
22	252	243	15
22	251	246	15
22	248	256	15
22	252	244	15
22	246	245	15
22	258	202	15
22	248	255	15
22	248	263	15
22	248	248	15
22	243	206	43
22	254	225	43
22	246	204	18
22	245	203	18
22	246	203	18
22	244	206	18
22	247	203	18
22	245	204	18
22	244	232	18
22	247	207	33
22	249	200	33
22	248	259	33
22	246	206	33
22	246	244	33
22	259	277	33
22	246	208	32
22	245	209	32
22	249	247	32
22	259	230	32
22	245	207	32
22	257	201	32
22	245	231	38
22	253	236	38
22	247	260	45
22	257	281	45
22	248	230	46
22	258	204	46
22	259	201	40
22	250	246	40
22	258	196	40
22	259	196	47
22	255	238	47
23	244	203	48
23	242	204	48
23	250	245	15
23	243	205	15
23	251	245	15
23	252	242	15
23	252	243	15
23	251	246	15
23	252	244	15
23	246	245	15
23	258	202	15
23	248	255	15
23	248	263	15
23	243	206	43
23	254	225	43
23	253	235	42
23	243	234	42
23	244	205	39
23	246	204	39
23	244	204	39
23	245	206	39
23	251	243	39
23	246	205	33
23	247	207	33
23	249	200	33
23	248	259	33
23	246	206	33
23	246	244	33
23	259	277	33
23	244	231	33
23	245	203	18
23	246	203	18
23	247	203	18
23	245	204	18
23	244	232	18
23	246	208	32
23	245	209	32
23	249	247	32
23	259	230	32
23	245	207	32
23	257	201	32
23	245	231	38
23	253	236	38
23	247	260	45
23	257	281	45
23	259	201	40
23	250	246	40
23	258	196	40
23	259	196	47
23	255	238	47
24	244	203	48
24	242	204	48
24	250	245	15
24	243	205	15
24	251	245	15
24	252	242	15
24	252	243	15
24	251	246	15
24	252	244	15
24	246	245	15
24	258	202	15
24	248	255	15
24	248	263	15
24	253	235	42
24	243	234	42
24	244	204	39
24	245	206	39
24	251	243	39
24	244	205	44
24	246	204	44
24	245	203	44
24	245	204	44
24	259	196	33
24	246	205	33
24	247	207	33
24	249	200	33
24	248	259	33
24	246	206	33
24	246	244	33
24	259	277	33
24	255	238	33
24	244	231	33
24	246	203	18
24	247	203	18
24	244	232	18
24	246	208	32
24	245	209	32
24	249	247	32
24	259	230	32
24	245	207	32
24	257	201	32
24	249	246	32
24	245	231	38
24	253	236	38
24	247	260	45
24	257	281	45
24	259	201	40
24	250	246	40
24	258	196	40
25	244	203	48
25	242	204	48
25	250	245	15
25	243	205	15
25	246	208	15
25	251	245	15
25	252	242	15
25	252	243	15
25	251	246	15
25	252	244	15
25	245	207	15
25	258	202	15
25	248	254	15
25	248	255	15
25	253	235	42
25	243	234	42
25	244	204	39
25	245	206	39
25	251	243	39
25	244	205	44
25	246	204	44
25	245	203	44
25	245	204	44
25	248	263	44
25	259	196	33
25	246	205	33
25	247	207	33
25	249	200	33
25	248	259	33
25	246	206	33
25	246	244	33
25	259	277	33
25	255	238	33
25	244	231	33
25	246	203	18
25	247	203	18
25	244	232	18
25	245	209	32
25	249	247	32
25	259	230	32
25	257	201	32
25	247	260	45
25	257	281	45
25	259	201	40
25	250	246	40
26	243	205	15
26	252	242	15
26	252	243	15
26	251	246	15
26	252	244	15
26	248	254	15
26	253	235	42
26	243	234	42
26	244	204	33
26	245	206	33
26	247	207	33
26	251	243	33
26	249	200	33
26	248	259	33
26	246	206	33
26	246	244	33
26	259	277	33
26	259	196	44
26	244	205	44
26	246	204	44
26	246	205	44
26	248	263	44
26	255	238	44
26	244	231	44
26	245	203	49
26	245	204	49
26	246	208	50
26	245	207	50
26	245	209	32
26	259	230	32
26	257	201	32
26	250	245	18
26	251	245	18
26	246	203	18
26	247	203	18
26	258	202	18
26	248	255	18
26	247	260	45
26	257	281	45
26	259	201	40
26	250	246	40
27	243	205	15
27	252	242	15
27	252	243	15
27	251	246	15
27	252	244	15
27	246	245	15
27	244	204	33
27	245	206	33
27	247	207	33
27	249	200	33
27	248	259	33
27	246	206	33
27	246	244	33
27	259	277	33
27	250	245	18
27	246	208	18
27	251	245	18
27	246	203	18
27	244	206	18
27	247	203	18
27	245	207	18
27	258	202	18
27	248	255	18
27	259	196	44
27	244	205	44
27	246	204	44
27	246	205	44
27	248	263	44
27	255	238	44
27	244	231	44
27	245	203	49
27	245	204	49
27	245	209	32
27	259	230	32
27	257	201	32
27	259	201	40
27	250	246	40
28	243	205	15
28	252	242	15
28	252	243	15
28	251	246	15
28	252	244	15
28	257	201	15
28	244	204	33
28	245	206	33
28	247	207	33
28	249	200	33
28	248	259	33
28	246	206	33
28	259	277	33
28	244	205	44
28	246	204	44
28	246	205	44
28	245	203	44
28	245	204	44
28	248	263	44
28	244	231	44
28	250	245	18
28	246	208	18
28	251	245	18
28	246	203	18
28	244	206	18
28	247	203	18
28	245	207	18
28	258	202	18
28	248	255	18
28	245	209	32
28	249	247	32
28	259	201	40
28	250	246	40
29	243	205	15
29	244	205	15
29	246	205	15
29	252	242	15
29	252	243	15
29	246	206	15
29	248	263	15
29	244	231	15
29	244	204	33
29	245	206	33
29	247	207	33
29	249	200	33
29	248	259	33
29	259	277	33
29	246	204	44
29	245	203	44
29	245	204	44
29	250	245	18
29	246	208	18
29	251	245	18
29	251	246	18
29	252	244	18
29	245	207	18
29	257	201	18
29	258	202	18
29	248	255	18
29	248	248	18
29	245	209	32
29	249	247	32
29	246	203	51
29	247	203	51
29	259	201	40
29	250	246	40
30	240	206	41
30	241	205	41
30	244	205	44
30	246	204	44
30	245	204	44
30	248	263	44
30	245	206	33
30	249	200	33
30	248	259	33
30	259	277	33
30	246	208	50
30	245	207	50
30	245	209	32
30	249	247	32
30	246	203	51
30	247	203	51
30	251	245	18
30	252	243	18
30	252	244	18
30	246	245	18
30	258	202	18
30	248	255	18
30	251	246	52
30	257	201	52
31	240	206	41
31	241	205	41
31	244	204	33
31	245	206	33
31	249	200	33
31	248	259	33
31	259	277	33
31	251	245	18
31	252	243	18
31	258	202	18
31	248	263	18
31	244	205	44
31	246	204	44
31	245	204	44
31	246	208	50
31	245	207	50
31	245	209	32
31	251	246	32
31	252	244	32
31	249	247	32
31	246	245	32
31	257	201	32
31	246	203	51
31	247	203	51
31	257	202	53
31	259	195	53
32	243	205	15
32	252	242	15
32	244	204	33
32	245	206	33
32	249	200	33
32	248	259	33
32	259	277	33
32	255	238	33
32	244	231	33
32	244	205	44
32	246	204	44
32	245	204	44
32	246	208	50
32	245	207	50
32	245	209	54
32	249	247	54
32	246	203	51
32	247	203	51
32	251	245	32
32	252	243	32
32	251	246	32
32	252	244	32
32	257	201	32
33	243	205	15
33	252	242	15
33	244	204	39
33	245	206	39
33	251	243	39
33	244	205	44
33	246	204	44
33	245	204	44
33	249	200	33
33	248	259	33
33	259	277	33
33	255	238	33
33	244	231	33
33	246	208	32
33	251	245	32
33	252	243	32
33	251	246	32
33	252	244	32
33	245	207	32
33	246	245	32
33	257	201	32
33	248	254	32
33	245	209	54
33	249	247	54
33	257	199	30
33	258	194	30
34	243	205	15
34	252	242	15
34	244	204	33
34	245	206	33
34	249	200	33
34	248	259	33
34	246	206	33
34	259	277	33
34	255	238	33
34	244	231	33
34	244	205	44
34	246	204	44
34	245	204	44
34	246	208	32
34	251	245	32
34	252	243	32
34	251	246	32
34	252	244	32
34	245	207	32
34	246	245	32
34	257	201	32
34	245	209	54
34	249	247	54
35	243	205	15
35	252	242	15
35	244	204	33
35	245	206	33
35	249	200	33
35	248	259	33
35	246	206	33
35	259	277	33
35	244	231	33
35	244	205	44
35	246	204	44
35	245	203	44
35	245	204	44
35	246	208	32
35	251	245	32
35	252	243	32
35	251	246	32
35	252	244	32
35	245	207	32
35	246	245	32
35	257	201	32
35	245	209	54
35	249	247	54
35	257	202	40
35	250	246	40
36	243	205	15
36	252	242	15
36	244	204	33
36	245	206	33
36	244	205	44
36	246	204	44
36	246	208	50
36	245	207	50
36	249	200	55
36	259	277	55
36	251	245	32
36	252	243	32
36	251	246	32
36	252	244	32
37	243	205	15
37	252	242	15
37	244	204	33
37	245	206	33
37	249	200	33
37	248	259	33
37	259	277	33
37	244	231	33
37	244	205	44
37	246	204	44
37	244	244	56
37	248	243	56
37	250	245	32
37	246	208	32
37	251	245	32
37	252	243	32
37	251	246	32
37	252	244	32
37	245	207	32
37	257	202	40
37	250	246	40
37	259	230	52
37	257	201	52
38	240	206	41
38	241	205	41
38	244	205	44
38	246	204	44
38	248	259	57
38	255	238	57
38	244	231	57
38	244	244	56
38	248	243	56
38	246	208	32
38	245	207	32
38	251	245	58
38	252	244	58
38	247	243	58
38	249	200	33
38	259	277	33
38	257	202	40
38	250	246	40
39	244	205	44
39	246	204	44
39	244	244	56
39	248	243	56
39	246	208	32
39	245	207	32
39	252	244	58
39	247	243	58
39	249	200	33
39	259	277	33
40	244	205	44
40	246	204	44
40	244	244	56
40	248	243	56
40	246	208	32
40	245	207	32
40	249	200	33
40	259	277	33
41	244	244	56
41	248	243	56
42	244	244	56
42	248	243	56
43	243	205	15
43	252	242	15
43	244	244	56
43	248	243	56
43	251	245	58
43	252	244	58
43	247	243	58
44	243	205	15
44	252	242	15
44	251	245	58
44	252	244	58
44	247	243	58
45	243	205	15
45	252	242	15
45	251	245	58
45	252	244	58
45	247	243	58
46	243	205	15
46	252	242	15
47	243	205	15
47	252	242	15
47	251	245	58
47	252	244	58
48	243	205	15
48	252	242	15
49	243	205	15
49	252	242	15
50	243	205	15
50	252	242	15
51	243	205	15
51	252	242	15
52	243	205	15
52	252	242	15
53	243	205	15
53	252	242	15
54	243	205	15
54	252	242	15
55	243	205	15
55	252	242	15
86	245	204	59
86	253	193	59
87	242	204	48
87	245	204	48
95	242	203	21
95	243	202	21
96	242	203	21
96	246	243	21
96	243	202	21
96	244	203	44
96	246	204	44
96	244	204	44
97	242	203	21
97	243	202	21
97	242	204	48
97	245	204	48
97	246	204	44
97	244	204	44
98	242	203	21
98	243	202	21
98	242	204	48
98	245	204	48
98	246	204	44
98	244	204	44
99	242	203	21
99	243	202	21
99	242	204	48
99	245	204	48
99	244	203	44
99	246	204	44
99	244	204	44
100	242	203	21
100	243	202	21
100	244	203	44
100	246	204	44
100	244	204	44
100	251	245	60
100	252	243	60
100	247	206	60
101	242	203	21
101	243	202	21
101	242	204	48
101	245	204	48
101	244	203	44
101	246	204	44
101	244	204	44
102	242	203	21
102	243	202	21
102	242	204	48
102	245	204	48
102	244	203	44
102	246	204	44
102	244	204	44
103	242	203	21
103	243	202	21
103	242	204	48
103	245	204	48
103	244	203	44
103	246	204	44
103	244	204	44
104	242	203	21
104	243	202	21
104	242	204	48
104	245	204	48
104	243	205	15
104	252	243	15
104	244	203	44
104	246	204	44
104	244	204	44
105	242	203	21
105	246	243	21
105	243	202	21
105	242	204	48
105	245	204	48
105	243	205	15
105	252	243	15
105	244	203	61
105	245	205	61
105	251	242	61
105	246	204	44
105	244	204	44
105	252	242	44
105	245	203	39
105	251	243	39
106	242	203	21
106	246	243	21
106	243	202	21
106	252	241	21
106	243	205	15
106	252	243	15
106	244	203	44
106	246	204	44
106	244	204	44
106	245	205	44
106	245	203	39
106	251	243	39
107	242	203	21
107	243	202	21
107	243	205	15
107	252	243	15
107	244	203	44
107	246	204	44
107	244	204	44
107	245	205	44
107	245	203	39
107	251	243	39
107	246	243	62
107	245	206	62
107	252	241	62
108	242	203	21
108	243	202	21
108	242	204	48
108	245	204	48
108	246	243	62
108	245	203	62
108	245	206	62
108	251	243	62
108	246	206	62
108	252	241	62
108	243	205	15
108	252	243	15
108	244	203	44
108	246	204	44
108	244	204	44
108	245	205	44
109	242	203	21
109	246	243	21
109	243	205	21
109	243	202	21
109	252	241	21
109	244	203	44
109	246	204	44
109	244	204	44
109	245	205	44
109	245	203	62
109	245	206	62
109	251	243	62
109	246	206	62
110	242	201	63
110	249	243	63
110	242	203	21
110	246	243	21
110	243	205	21
110	243	202	21
110	252	241	21
110	244	203	44
110	246	204	44
110	244	204	44
110	245	203	62
110	245	206	62
110	251	243	62
110	245	204	62
110	245	205	62
110	246	206	62
111	242	201	63
111	249	243	63
111	242	203	21
111	246	243	21
111	243	205	21
111	245	206	21
111	243	202	21
111	252	241	21
111	244	203	44
111	246	204	44
111	243	203	44
111	244	204	44
111	252	242	44
111	245	203	62
111	251	243	62
111	245	205	62
111	246	206	62
112	242	201	63
112	249	243	63
112	242	202	63
112	242	203	21
112	243	203	21
112	243	202	21
112	246	243	62
112	245	203	62
112	245	206	62
112	251	243	62
112	245	204	62
112	246	206	62
112	252	241	62
112	243	205	15
112	252	243	15
112	251	244	15
112	247	206	15
112	244	203	44
112	246	204	44
112	244	204	44
112	252	242	44
112	245	205	44
112	244	205	64
112	246	205	64
113	242	203	21
113	243	202	21
113	242	201	21
113	249	243	21
113	242	204	48
113	245	204	48
113	243	205	15
113	252	243	15
113	251	244	15
113	247	206	15
113	246	243	62
113	245	203	62
113	245	206	62
113	251	243	62
113	246	206	62
113	252	241	62
113	244	203	44
113	246	204	44
113	244	204	44
113	252	242	44
113	245	205	44
113	244	205	64
113	246	205	64
113	250	242	65
113	259	193	65
114	242	203	21
114	243	202	21
114	242	201	21
114	249	243	21
114	244	203	48
114	242	204	48
114	245	203	48
114	251	243	48
114	245	204	48
114	245	205	48
114	246	206	48
114	246	243	15
114	243	205	15
114	252	243	15
114	245	206	15
114	247	206	15
114	246	204	44
114	244	204	44
114	252	242	44
114	244	205	64
114	246	205	64
115	242	201	21
115	249	243	21
115	242	203	64
115	244	205	64
115	246	205	64
115	243	202	64
115	244	203	48
115	242	204	48
115	245	203	48
115	251	243	48
115	245	204	48
115	245	205	48
115	246	206	48
115	243	205	15
115	252	243	15
115	247	206	15
115	246	243	44
115	246	204	44
115	244	204	44
115	252	242	44
115	245	206	44
116	242	201	21
116	249	243	21
116	242	203	64
116	244	205	64
116	246	205	64
116	243	202	64
116	242	204	15
116	243	205	15
116	252	243	15
116	245	204	15
116	246	243	39
116	245	203	39
116	245	206	39
116	251	243	39
116	244	203	48
116	245	205	48
116	246	204	44
116	244	204	44
116	252	242	44
116	244	206	66
116	246	206	66
117	242	201	21
117	249	243	21
117	242	203	64
117	244	205	64
117	246	205	64
117	243	202	64
117	246	243	66
117	243	205	66
117	245	206	66
117	244	206	66
117	246	206	66
117	244	203	48
117	246	204	48
117	245	203	48
117	245	204	48
117	245	205	48
117	244	204	44
117	252	242	44
118	242	201	21
118	249	243	21
118	242	203	64
118	244	205	64
118	246	205	64
118	243	202	64
118	246	243	66
118	243	205	66
118	245	206	66
118	248	232	66
118	246	204	48
118	245	203	48
118	244	206	48
118	245	204	48
118	246	206	48
118	244	203	61
118	245	205	61
118	244	204	44
118	252	242	44
119	242	203	21
119	242	201	21
119	249	243	21
119	244	205	64
119	246	204	64
119	246	205	64
119	243	202	64
119	246	243	66
119	243	205	66
119	248	232	66
119	245	203	48
119	245	206	48
119	244	206	48
119	245	204	48
119	246	206	48
119	244	203	61
119	245	205	61
119	244	204	44
119	252	242	44
119	251	244	67
119	246	245	67
120	242	203	21
120	242	201	21
120	249	243	21
120	246	243	64
120	244	205	64
120	246	204	64
120	246	205	64
120	243	202	64
120	243	204	48
120	245	203	48
120	245	206	48
120	244	206	48
120	245	204	48
120	246	206	48
120	243	205	66
120	248	232	66
120	244	203	61
120	245	205	61
120	244	204	44
120	252	242	44
120	251	244	67
120	245	246	67
120	246	245	67
120	250	242	65
120	259	193	65
121	242	203	21
121	244	205	21
121	246	205	21
121	243	202	21
121	242	201	21
121	249	243	21
121	246	243	44
121	246	204	44
121	244	204	44
121	252	242	44
121	243	204	48
121	244	202	48
121	245	203	48
121	245	206	48
121	244	206	48
121	245	204	48
121	253	237	48
121	246	206	48
121	243	205	66
121	248	232	66
121	244	203	61
121	245	205	61
121	251	244	67
121	245	246	67
121	246	245	67
121	250	242	65
121	259	193	65
121	255	192	68
121	250	244	68
122	242	203	21
122	244	205	21
122	246	205	21
122	243	202	21
122	242	201	21
122	249	243	21
122	247	197	44
122	246	243	44
122	246	204	44
122	244	204	44
122	252	242	44
122	245	206	44
122	243	205	66
122	243	206	66
122	248	232	66
122	257	192	66
122	244	203	61
122	245	203	61
122	245	204	61
122	245	205	61
122	249	210	61
122	244	202	48
122	244	206	48
122	246	206	48
122	251	244	67
122	246	245	67
122	250	242	65
122	259	193	65
122	255	192	68
122	250	244	68
123	242	203	21
123	242	201	21
123	249	243	21
123	246	243	66
123	243	205	66
123	244	205	66
123	246	204	66
123	246	205	66
123	243	202	66
123	248	232	66
123	244	202	48
123	245	203	48
123	245	206	48
123	244	206	48
123	245	204	48
123	253	237	48
123	246	206	48
123	249	210	48
123	244	203	61
123	244	204	61
123	252	242	61
123	245	205	61
123	251	244	67
123	246	245	67
123	250	242	65
123	259	193	65
123	255	192	68
123	250	244	68
124	242	203	21
124	242	201	21
124	249	243	21
124	246	243	66
124	243	205	66
124	244	205	66
124	246	204	66
124	246	205	66
124	243	202	66
124	248	232	66
124	244	202	48
124	245	203	48
124	245	206	48
124	244	206	48
124	245	204	48
124	253	237	48
124	246	206	48
124	249	210	48
124	244	203	61
124	244	204	61
124	252	242	61
124	245	205	61
124	251	244	67
124	245	246	67
124	246	245	67
124	250	242	65
124	259	193	65
124	255	192	68
124	250	244	68
124	258	194	69
124	254	196	69
125	242	203	66
125	246	243	66
125	243	205	66
125	246	204	66
125	243	202	66
125	242	201	66
125	249	243	66
125	248	232	66
125	242	204	15
125	248	260	15
125	245	203	48
125	245	206	48
125	244	206	48
125	245	204	48
125	253	237	48
125	246	206	48
125	249	210	48
125	244	205	64
125	244	202	64
125	246	205	64
125	244	203	61
125	244	204	61
125	252	242	61
125	245	205	61
125	251	244	67
125	252	244	67
125	245	246	67
125	246	245	67
125	248	255	67
125	250	242	65
125	259	193	65
125	255	192	68
125	250	244	68
125	258	194	69
125	254	196	69
126	242	203	21
126	246	244	21
126	242	201	21
126	249	243	21
126	246	243	66
126	246	204	66
126	243	202	66
126	243	205	70
126	248	232	70
126	245	203	48
126	245	206	48
126	252	244	48
126	244	206	48
126	245	204	48
126	253	237	48
126	246	206	48
126	248	255	48
126	249	210	48
126	244	205	64
126	244	202	64
126	246	205	64
126	244	203	61
126	245	205	61
126	244	204	27
126	252	242	27
126	251	244	67
126	245	246	67
126	246	245	67
126	250	242	65
126	259	193	65
126	255	192	68
126	250	244	68
126	258	194	69
126	254	196	69
127	242	203	21
127	246	244	21
127	242	201	21
127	249	243	21
127	246	243	66
127	246	204	66
127	245	206	66
127	244	206	66
127	243	202	66
127	243	205	48
127	245	203	48
127	245	204	48
127	253	237	48
127	246	206	48
127	248	255	48
127	248	232	48
127	257	192	48
127	249	210	48
127	244	205	64
127	244	202	64
127	246	205	64
127	244	203	61
127	244	204	61
127	252	242	61
127	245	205	61
127	251	244	67
127	245	246	67
127	246	245	67
127	250	242	65
127	259	193	65
127	255	192	68
127	250	244	68
128	242	203	21
128	246	243	21
128	246	204	21
128	243	202	21
128	242	201	21
128	249	243	21
128	243	205	70
128	248	232	70
128	257	192	70
128	244	203	48
128	245	203	48
128	252	244	48
128	245	204	48
128	253	237	48
128	245	205	48
128	248	255	48
128	249	210	48
128	244	204	61
128	252	242	61
128	244	205	64
128	246	205	64
128	245	206	66
128	244	206	66
128	246	206	66
128	251	244	67
128	245	246	67
128	246	245	67
128	250	242	65
128	259	193	65
128	255	192	68
128	250	244	68
129	242	203	21
129	246	244	21
129	243	202	21
129	242	201	21
129	249	243	21
129	243	205	70
129	248	232	70
129	257	192	70
129	245	203	48
129	245	204	48
129	253	237	48
129	246	206	48
129	249	210	48
129	244	203	71
129	246	243	71
129	245	205	71
129	244	204	61
129	252	242	61
129	244	205	64
129	246	205	64
129	245	206	66
129	244	206	66
129	251	244	67
129	245	246	67
129	246	245	67
129	250	242	65
129	259	193	65
130	242	203	21
130	246	244	21
130	243	202	21
130	242	201	21
130	249	243	21
130	243	205	70
130	248	232	70
130	257	192	70
130	245	203	48
130	245	204	48
130	253	237	48
130	246	206	48
130	249	210	48
130	244	203	71
130	246	243	71
130	245	205	71
130	244	205	64
130	246	205	64
130	245	206	66
130	244	206	66
130	251	244	67
130	245	246	67
130	246	245	67
130	250	242	65
130	259	193	65
131	242	203	21
131	246	244	21
131	243	202	21
131	242	201	21
131	249	243	21
131	240	203	21
131	242	204	15
131	248	260	15
131	243	205	70
131	244	207	70
131	247	202	70
131	248	232	70
131	257	192	70
131	244	203	71
131	246	243	71
131	245	205	71
131	244	205	64
131	246	205	64
131	245	203	48
131	245	204	48
131	253	237	48
131	246	206	48
131	249	210	48
131	251	244	67
131	245	246	67
131	246	245	67
131	250	242	65
131	259	193	65
131	255	192	68
131	250	244	68
132	242	203	21
132	243	202	21
132	242	201	21
132	249	243	21
132	257	192	21
132	240	203	21
132	251	227	21
132	243	205	70
132	244	207	70
132	247	202	70
132	248	232	70
132	252	242	48
132	245	203	48
132	245	206	48
132	244	206	48
132	245	204	48
132	253	237	48
132	246	206	48
132	249	210	48
132	244	203	71
132	246	243	71
132	246	204	71
132	245	205	71
132	244	205	64
132	246	205	64
132	251	244	67
132	252	244	67
132	245	246	67
132	246	245	67
132	250	242	65
132	259	193	65
132	255	192	68
132	250	244	68
133	242	203	21
133	243	202	21
133	242	201	21
133	249	243	21
133	257	192	21
133	240	203	21
133	251	227	21
133	243	205	70
133	244	207	70
133	247	202	70
133	248	232	70
133	252	242	48
133	245	203	48
133	244	206	48
133	245	204	48
133	253	237	48
133	246	206	48
133	249	210	48
133	244	205	64
133	244	202	64
133	246	205	64
133	244	203	71
133	246	243	71
133	246	204	71
133	245	205	71
133	252	243	67
133	251	244	67
133	245	246	67
133	246	245	67
133	250	242	65
133	259	193	65
134	242	203	21
134	242	201	21
134	249	243	21
134	240	203	21
134	243	205	72
134	243	202	72
134	248	232	72
134	257	192	72
134	251	227	72
134	244	205	64
134	244	202	64
134	246	205	64
134	244	203	71
134	246	243	71
134	246	204	71
134	245	205	71
134	244	204	48
134	252	242	48
134	245	203	48
134	245	204	48
134	246	206	48
134	249	210	48
134	251	244	67
134	245	246	67
134	246	245	67
134	250	242	65
134	259	193	65
135	242	203	21
135	243	202	21
135	242	201	21
135	249	243	21
135	240	203	21
135	251	227	21
135	243	205	72
135	248	232	72
135	257	192	72
135	244	205	64
135	244	202	64
135	246	205	64
135	244	203	73
135	245	203	73
135	245	205	73
135	246	206	73
135	244	204	48
135	252	242	48
135	245	204	48
135	249	210	48
135	251	244	67
135	245	246	67
135	246	245	67
135	246	243	71
135	246	204	71
135	250	242	65
135	259	193	65
135	251	243	39
135	251	242	39
136	244	205	64
136	244	202	64
136	246	205	64
136	238	203	64
136	242	203	21
136	243	202	21
136	242	201	21
136	249	243	21
136	251	227	21
136	242	204	15
136	245	203	15
136	248	260	15
136	246	206	15
136	243	205	72
136	248	232	72
136	257	192	72
136	244	203	71
136	246	243	71
136	246	204	71
136	245	205	71
136	244	204	48
136	252	242	48
136	245	204	48
136	249	210	48
136	245	206	66
136	244	206	66
136	251	244	67
136	245	246	67
136	246	245	67
136	250	242	65
136	259	193	65
136	251	243	39
136	251	242	39
137	244	205	64
137	244	202	64
137	246	205	64
137	238	203	64
137	242	203	21
137	246	243	21
137	246	204	21
137	246	244	21
137	243	202	21
137	242	201	21
137	249	243	21
137	251	227	21
137	244	203	15
137	242	204	15
137	245	203	15
137	251	243	15
137	245	205	15
137	248	260	15
137	246	206	15
137	251	242	15
137	243	205	72
137	248	232	72
137	257	192	72
137	244	204	48
137	252	242	48
137	245	204	48
137	249	210	48
137	245	206	66
137	244	206	66
137	251	244	67
137	245	246	67
137	246	245	67
137	250	242	65
137	259	193	65
138	242	203	21
138	246	244	21
138	243	202	21
138	242	201	21
138	249	243	21
138	251	227	21
138	244	203	15
138	246	243	15
138	242	204	15
138	246	204	15
138	245	203	15
138	251	243	15
138	245	205	15
138	248	260	15
138	251	242	15
138	243	205	72
138	248	232	72
138	257	192	72
138	244	205	64
138	244	202	64
138	246	205	64
138	244	204	48
138	252	242	48
138	245	204	48
138	249	210	48
138	245	206	66
138	244	206	66
138	251	244	67
138	245	246	67
138	246	245	67
138	250	242	65
138	259	193	65
138	255	192	68
138	250	244	68
139	242	203	21
139	246	244	21
139	243	202	21
139	242	201	21
139	249	243	21
139	251	227	21
139	244	203	15
139	246	243	15
139	242	204	15
139	246	204	15
139	245	203	15
139	245	205	15
139	248	260	15
139	243	205	72
139	257	192	72
139	244	205	64
139	244	202	64
139	246	205	64
139	245	230	64
139	245	206	66
139	244	206	66
139	252	242	48
139	245	204	48
139	249	210	48
139	251	244	67
139	245	246	67
139	246	245	67
139	250	242	65
139	259	193	65
140	246	244	21
140	243	202	21
140	242	201	21
140	249	243	21
140	251	227	21
140	243	205	72
140	257	192	72
140	244	202	64
140	245	230	64
140	244	203	71
140	245	205	71
140	244	205	74
140	246	205	74
140	245	206	66
140	244	206	66
140	246	243	15
140	246	204	15
140	245	203	15
140	248	260	15
140	252	242	48
140	245	204	48
140	249	210	48
140	251	244	67
140	245	246	67
140	250	242	65
140	259	193	65
141	246	244	21
141	243	202	21
141	242	201	21
141	249	243	21
141	250	242	21
141	251	227	21
141	243	205	72
141	257	192	72
141	243	206	75
141	258	195	75
141	244	205	64
141	244	202	64
141	246	205	64
141	245	230	64
141	244	203	15
141	246	243	15
141	246	204	15
141	245	203	15
141	245	205	15
141	248	260	15
141	248	198	15
141	245	206	66
141	244	206	66
141	252	242	48
141	245	204	48
141	249	210	48
141	251	244	67
141	245	246	67
142	242	203	21
142	246	244	21
142	243	202	21
142	242	201	21
142	249	243	21
142	250	242	21
142	259	193	21
142	251	227	21
142	244	203	15
142	246	243	15
142	246	204	15
142	245	203	15
142	245	205	15
142	248	260	15
142	248	198	15
142	243	205	72
142	257	192	72
142	243	206	75
142	258	195	75
142	244	205	64
142	244	202	64
142	246	205	64
142	245	230	64
142	245	206	66
142	244	206	66
142	252	242	48
142	245	204	48
142	249	210	48
142	251	244	67
142	245	246	67
143	252	242	48
143	245	204	48
143	249	210	48
143	241	203	48
143	242	203	21
143	243	202	21
143	242	201	21
143	250	242	21
143	259	193	21
143	251	227	21
143	244	203	15
143	246	243	15
143	242	204	15
143	245	203	15
143	245	205	15
143	248	260	15
143	243	205	72
143	257	192	72
143	243	206	75
143	258	195	75
143	244	205	64
143	244	202	64
143	246	205	64
143	245	230	64
143	245	206	66
143	244	206	66
144	252	242	48
144	245	204	48
144	246	245	48
144	249	210	48
144	241	203	48
144	246	244	21
144	243	202	21
144	242	201	21
144	250	242	21
144	259	193	21
144	251	227	21
144	244	203	15
144	246	243	15
144	242	204	15
144	245	203	15
144	245	205	15
144	248	260	15
144	243	205	72
144	257	192	72
144	243	206	75
144	258	195	75
144	244	205	64
144	244	202	64
144	246	205	64
144	251	243	64
144	245	230	64
144	245	206	66
144	244	206	66
144	247	207	76
144	245	229	76
145	246	244	21
145	242	201	21
145	251	227	21
145	246	243	15
145	242	204	15
145	245	203	15
145	251	243	15
145	248	260	15
145	243	202	77
145	250	242	77
145	259	193	77
145	252	236	77
145	243	205	72
145	257	192	72
145	243	206	75
145	258	195	75
145	244	203	64
145	244	205	64
145	244	202	64
145	246	205	64
145	245	205	64
145	245	230	64
145	245	206	66
145	244	206	66
145	252	242	48
145	245	204	48
145	249	210	48
145	251	244	78
145	247	200	78
145	248	262	78
145	247	199	78
146	246	244	21
146	242	201	21
146	251	227	21
146	246	243	15
146	242	204	15
146	246	205	15
146	245	203	15
146	251	243	15
146	248	260	15
146	243	202	77
146	250	242	77
146	259	193	77
146	243	205	72
146	257	192	72
146	244	203	64
146	244	205	64
146	244	202	64
146	245	205	64
146	245	230	64
146	245	206	66
146	244	206	66
146	252	242	48
146	245	204	48
146	249	210	48
147	246	244	21
147	242	201	21
147	251	227	21
147	246	243	15
147	242	204	15
147	245	203	15
147	251	243	15
147	248	260	15
147	243	202	77
147	250	242	77
147	243	205	72
147	257	192	72
147	243	206	75
147	258	195	75
147	244	205	64
147	244	202	64
147	246	205	64
147	245	230	64
147	244	203	71
147	245	205	71
147	245	206	66
147	244	206	66
147	252	242	48
147	245	204	48
147	249	210	48
148	246	244	21
148	242	201	21
148	251	227	21
148	246	243	15
148	242	204	15
148	245	203	15
148	251	243	15
148	248	260	15
148	243	202	77
148	250	242	77
148	259	193	77
148	243	205	72
148	257	192	72
148	243	206	75
148	258	195	75
148	259	199	79
148	243	208	79
148	244	205	64
148	244	202	64
148	246	205	64
148	245	230	64
148	244	203	71
148	245	205	71
148	245	206	66
148	244	206	66
148	252	242	48
148	245	204	48
148	249	210	48
148	257	193	80
148	258	292	80
149	252	244	81
149	227	240	81
149	241	206	82
149	250	203	82
149	246	244	21
149	242	201	21
149	251	227	21
149	246	243	15
149	242	204	15
149	245	203	15
149	248	260	15
149	243	202	77
149	248	243	77
149	250	242	77
149	259	193	77
149	243	205	72
149	257	192	72
149	243	206	75
149	258	195	75
149	244	203	64
149	244	205	64
149	244	202	64
149	245	205	64
149	245	230	64
149	246	205	39
149	251	243	39
149	248	198	39
149	250	244	39
149	251	242	39
149	245	206	66
149	244	206	66
149	245	204	48
149	249	210	48
149	251	244	67
149	245	246	67
149	248	262	78
149	247	199	78
149	257	193	80
149	258	292	80
150	241	206	82
150	250	203	82
150	246	244	21
150	242	201	21
150	251	227	21
150	246	243	15
150	242	204	15
150	245	203	15
150	251	243	15
150	248	260	15
150	251	242	15
150	257	194	15
150	243	202	77
150	248	243	77
150	250	242	77
150	259	193	77
150	243	205	72
150	257	192	72
150	243	206	75
150	258	195	75
150	259	199	79
150	243	208	79
150	244	202	64
150	245	230	64
150	244	203	71
150	245	205	71
150	244	205	74
150	246	205	74
150	245	206	66
150	244	206	66
150	252	242	48
150	245	204	48
150	249	210	48
150	251	244	78
150	248	262	78
150	247	199	78
151	252	244	81
151	227	240	81
151	244	203	15
151	246	243	15
151	242	204	15
151	245	203	15
151	245	205	15
151	248	260	15
151	243	202	77
151	248	243	77
151	250	242	77
151	259	193	77
151	243	205	72
151	257	192	72
151	243	206	75
151	258	195	75
151	259	199	79
151	243	208	79
151	244	202	64
151	245	230	64
151	244	205	74
151	246	205	74
151	251	243	74
151	251	242	74
151	257	194	74
151	245	206	66
151	244	206	66
151	252	242	48
151	245	204	48
151	249	210	48
151	251	244	78
151	248	262	78
151	247	199	78
152	252	244	81
152	227	240	81
152	246	244	21
152	242	201	21
152	251	227	21
152	244	203	15
152	246	243	15
152	242	204	15
152	244	205	15
152	246	205	15
152	245	203	15
152	251	243	15
152	245	205	15
152	248	260	15
152	251	242	15
152	257	194	15
152	243	202	77
152	248	243	77
152	250	242	77
152	259	193	77
152	243	205	72
152	257	192	72
152	243	206	75
152	258	195	75
152	259	199	79
152	243	208	79
152	244	202	64
152	245	230	64
152	245	206	66
152	244	206	66
152	252	242	48
152	245	204	48
152	249	210	48
152	245	229	48
152	245	243	48
152	251	244	78
152	248	262	78
152	247	199	78
153	242	201	21
153	251	227	21
153	242	204	66
153	245	206	66
153	244	206	66
153	248	260	66
153	243	202	77
153	248	243	77
153	250	242	77
153	259	193	77
153	243	205	72
153	257	192	72
153	243	206	75
153	258	195	75
153	259	199	79
153	243	208	79
153	244	202	64
153	245	230	64
153	244	205	15
153	246	205	15
153	251	243	15
153	245	204	15
153	245	205	15
153	257	194	15
153	246	243	83
153	245	203	83
153	251	242	83
153	249	244	83
153	252	242	48
153	245	243	48
153	251	244	78
153	248	262	78
153	247	199	78
153	259	196	84
153	256	244	84
154	242	201	21
154	251	227	21
154	242	204	66
154	259	192	66
154	245	203	66
154	245	206	66
154	244	206	66
154	248	260	66
154	246	243	77
154	243	202	77
154	248	243	77
154	250	242	77
154	259	193	77
154	243	205	72
154	257	192	72
154	243	206	75
154	258	195	75
154	259	199	79
154	243	208	79
154	256	202	85
154	244	246	85
154	252	242	48
154	245	243	48
154	246	205	15
154	251	243	15
154	257	194	15
154	251	244	78
154	248	262	78
154	247	199	78
154	259	196	84
154	256	244	84
155	246	243	86
155	259	192	86
155	245	203	86
155	240	235	86
155	242	201	21
155	251	227	21
155	242	204	66
155	248	260	66
155	243	202	77
155	248	243	77
155	250	242	77
155	259	193	77
155	243	205	72
155	257	192	72
155	245	206	87
155	244	206	87
155	256	202	85
155	244	246	85
155	252	242	48
155	245	243	48
155	246	205	15
155	251	243	15
155	257	194	15
155	251	242	83
155	249	244	83
155	259	196	84
155	256	244	84
155	257	204	84
156	246	243	86
156	240	235	86
156	246	244	21
156	242	201	21
156	251	227	21
156	242	204	66
156	248	260	66
156	243	202	77
156	248	243	77
156	250	242	77
156	259	193	77
156	243	205	72
156	257	192	72
156	244	202	64
156	245	230	64
156	259	192	87
156	245	203	87
156	245	206	87
156	244	206	87
156	256	202	85
156	244	246	85
156	252	242	48
156	245	243	48
156	246	205	15
156	251	243	15
156	257	194	15
156	251	244	78
156	247	199	78
156	248	198	74
156	251	242	74
156	259	196	84
156	256	244	84
156	257	204	84
157	246	243	77
157	243	202	77
157	248	243	77
157	250	242	77
157	259	193	77
157	240	235	77
157	246	244	21
157	242	201	21
157	251	227	21
157	242	204	66
157	248	260	66
157	243	205	72
157	257	192	72
157	244	202	64
157	245	230	64
157	259	192	87
157	245	203	87
157	245	206	87
157	244	206	87
157	256	202	85
157	244	246	85
157	252	242	48
157	245	243	48
157	250	243	48
157	246	205	15
157	251	243	15
157	257	194	15
157	251	244	78
157	247	199	78
157	259	196	84
157	256	244	84
157	257	204	84
158	246	243	77
158	243	202	77
158	248	243	77
158	250	242	77
158	259	193	77
158	240	235	77
158	246	244	21
158	242	201	21
158	251	227	21
158	242	204	66
158	248	260	66
158	243	205	72
158	257	192	72
158	244	202	64
158	245	230	64
158	259	192	87
158	245	203	87
158	245	206	87
158	244	206	87
158	256	202	85
158	244	246	85
158	252	242	48
158	245	243	48
158	250	243	48
158	246	205	15
158	251	243	15
158	257	194	15
158	251	244	78
158	247	199	78
158	259	196	84
158	256	244	84
159	252	242	48
159	245	243	48
159	250	243	48
159	240	202	48
159	246	243	77
159	244	205	77
159	243	202	77
159	248	243	77
159	250	242	77
159	259	193	77
159	240	235	77
159	246	244	21
159	242	201	21
159	251	227	21
159	242	204	66
159	248	260	66
159	243	205	72
159	257	192	72
159	245	206	87
159	244	206	87
159	256	202	85
159	244	246	85
159	259	192	73
159	245	203	73
159	246	205	15
159	251	243	15
159	257	194	15
159	253	238	88
159	258	203	88
159	259	196	84
159	256	244	84
159	257	204	84
160	246	243	86
160	240	235	86
160	246	244	21
160	242	201	21
160	251	227	21
160	242	204	66
160	248	260	66
160	243	202	77
160	248	243	77
160	250	242	77
160	259	193	77
160	243	205	72
160	257	192	72
160	243	206	75
160	258	195	75
160	245	206	87
160	244	206	87
160	256	202	85
160	244	246	85
160	259	192	73
160	245	203	73
160	252	242	48
160	245	243	48
160	250	243	48
160	246	205	15
160	251	243	15
160	253	238	88
160	258	203	88
160	259	196	84
160	256	244	84
161	246	243	86
161	240	235	86
161	246	244	21
161	242	201	21
161	251	227	21
161	243	202	77
161	250	242	77
161	259	193	77
161	243	205	72
161	257	192	72
161	245	206	87
161	244	206	87
161	256	202	85
161	244	246	85
161	259	192	73
161	245	203	73
161	252	242	48
161	245	243	48
161	250	243	48
161	253	238	88
161	258	203	88
162	246	243	86
162	240	235	86
162	246	244	21
162	242	201	21
162	251	227	21
162	242	204	66
162	248	260	66
162	245	244	66
162	243	202	77
162	250	242	77
162	259	193	77
162	243	205	72
162	257	192	72
162	243	206	75
162	258	195	75
162	245	206	87
162	244	206	87
162	256	202	85
162	244	246	85
162	259	192	73
162	245	203	73
162	245	243	48
162	250	243	48
162	251	243	15
162	257	194	15
162	253	238	88
162	258	203	88
163	252	242	89
163	240	202	89
163	246	243	86
163	240	235	86
163	242	204	66
163	248	260	66
163	245	244	66
163	243	202	77
163	250	242	77
163	259	193	77
163	243	205	72
163	257	192	72
163	245	206	87
163	244	206	87
163	259	192	73
163	245	203	73
163	245	243	48
163	250	243	48
163	251	243	15
163	257	194	15
163	253	238	88
163	258	203	88
164	242	204	66
164	248	260	66
164	245	244	66
164	243	202	77
164	250	242	77
164	243	205	72
164	257	192	72
164	243	206	75
164	258	195	75
164	245	206	87
164	244	206	87
164	259	192	73
164	245	203	73
164	245	243	48
164	250	243	48
164	253	238	88
164	258	203	88
164	259	196	90
164	257	204	90
165	242	204	66
165	248	260	66
165	245	244	66
165	243	202	77
165	250	242	77
165	243	205	72
165	257	192	72
165	243	206	75
165	258	195	75
165	245	206	87
165	244	206	87
165	259	192	73
165	245	203	73
165	245	243	48
165	250	243	48
165	253	238	88
165	258	203	88
166	242	204	66
166	248	260	66
166	245	244	66
166	243	202	77
166	250	242	77
166	259	193	77
166	243	205	72
166	257	192	72
166	245	243	48
166	250	243	48
166	250	245	91
166	258	200	91
166	253	238	88
166	258	203	88
167	242	204	66
167	248	260	66
167	243	202	77
167	250	242	77
167	245	243	48
167	250	243	48
167	253	238	88
167	258	203	88
168	242	204	66
168	244	206	66
168	248	260	66
168	243	202	77
168	250	242	77
168	245	243	48
168	250	243	48
168	250	245	91
168	258	200	91
168	253	238	88
168	258	203	88
169	242	204	66
169	248	260	66
169	243	202	77
169	250	242	77
169	245	243	48
169	250	243	48
170	242	204	66
170	244	206	66
170	248	260	66
170	243	202	77
170	250	242	77
170	245	243	48
170	250	243	48
170	250	245	91
170	258	200	91
171	242	204	66
171	245	206	66
171	244	206	66
171	248	260	66
171	243	202	77
171	250	242	77
171	245	243	48
171	250	243	48
171	248	261	92
171	257	287	92
171	250	245	91
171	258	200	91
172	242	204	93
172	245	244	93
172	252	242	66
172	245	206	66
172	244	206	66
172	248	260	66
172	243	202	77
172	250	242	77
172	245	205	48
172	245	243	48
172	250	243	48
172	248	261	92
172	257	287	92
172	250	245	91
172	258	200	91
173	242	204	93
173	245	244	93
173	252	242	66
173	244	206	66
173	248	260	66
173	243	202	77
173	250	242	77
173	245	243	48
173	250	243	48
173	250	245	91
173	258	200	91
174	242	204	66
174	252	242	66
174	244	206	66
174	248	260	66
174	245	244	66
174	243	202	77
174	250	242	77
174	245	243	48
174	250	243	48
174	248	261	92
174	257	287	92
174	250	245	91
174	258	200	91
175	242	204	66
175	252	242	66
175	244	206	66
175	248	260	66
175	243	202	77
175	250	242	77
175	251	243	94
175	245	197	94
175	245	205	48
175	245	243	48
175	250	243	48
175	248	261	92
175	257	287	92
175	250	245	91
175	258	200	91
176	242	204	66
176	252	242	66
176	244	206	66
176	248	260	66
176	245	244	66
176	243	202	77
176	250	242	77
176	245	205	48
176	245	243	48
176	250	243	48
176	247	201	95
176	251	204	95
176	248	261	92
176	257	287	92
176	250	245	91
176	258	200	91
177	242	204	66
177	245	206	66
177	244	206	66
177	248	260	66
177	245	244	66
177	245	205	48
177	245	243	48
177	250	243	48
177	259	197	48
177	251	245	60
177	246	207	60
177	250	245	91
177	258	200	91
178	242	204	66
178	252	242	66
178	248	260	66
178	245	205	48
178	245	243	48
178	250	243	48
178	259	197	48
178	251	245	60
178	246	207	60
178	248	261	92
178	257	287	92
179	242	204	66
179	252	242	66
179	248	260	66
179	245	205	48
179	245	243	48
179	250	243	48
179	259	197	48
179	251	245	60
179	246	207	60
180	245	243	48
180	250	243	48
180	259	197	48
181	251	245	60
181	246	207	60
181	250	243	48
181	259	197	48
182	250	243	48
182	259	197	48
192	247	201	95
192	251	204	95
193	247	201	95
193	251	204	95
193	250	245	58
193	251	245	58
194	250	245	58
194	251	245	58
195	250	245	58
195	251	245	58
196	250	245	58
196	251	245	58
197	250	245	58
197	251	245	58
198	250	245	58
198	251	245	58
199	250	245	58
199	251	245	58
200	250	245	58
200	251	245	58
201	250	245	58
201	251	245	58
202	250	245	58
202	251	245	58
203	250	245	58
203	251	245	58
204	250	245	58
204	251	245	58
205	244	205	96
205	256	249	96
205	250	245	58
205	251	245	58
206	250	245	58
206	251	245	58
207	250	245	58
207	251	245	58
208	250	245	58
208	251	245	58
209	250	245	58
209	251	245	58
210	250	245	58
210	251	245	58
211	250	245	58
211	251	245	58
212	250	245	58
212	251	245	58
213	250	245	58
213	251	245	58
213	250	246	97
213	258	201	97
214	245	243	98
214	243	201	98
214	250	245	58
214	251	245	58
214	250	246	97
214	258	201	97
215	245	243	98
215	243	201	98
215	250	245	58
215	251	245	58
215	250	246	97
215	258	201	97
216	245	243	98
216	243	201	98
216	250	245	58
216	251	245	58
217	245	243	98
217	243	201	98
217	250	245	58
217	251	245	58
218	242	202	98
218	243	201	98
218	250	245	58
218	251	245	58
219	250	245	58
219	251	245	58
220	242	202	98
220	245	243	98
220	243	201	98
220	250	245	58
220	251	245	58
221	242	202	98
221	243	201	98
221	250	245	58
221	251	245	58
222	240	206	99
222	242	209	99
222	242	202	98
222	245	243	98
222	243	201	98
222	250	245	58
222	251	245	58
223	240	206	99
223	242	209	99
223	242	202	98
223	245	243	98
223	243	201	98
223	250	245	58
223	251	245	58
224	240	206	99
224	242	209	99
224	242	202	98
224	243	201	98
224	250	245	58
224	251	245	58
225	240	206	99
225	242	209	99
225	242	202	98
225	243	201	98
225	250	245	58
225	251	245	58
226	240	206	99
226	242	209	99
226	242	202	98
226	243	201	98
226	250	245	58
226	251	245	58
227	240	206	99
227	242	209	99
227	242	202	98
227	243	201	98
227	251	242	65
227	250	242	65
227	250	245	58
227	251	245	58
228	240	206	99
228	242	209	99
228	242	202	98
228	243	201	98
228	251	242	65
228	250	242	65
228	250	245	58
228	251	245	58
229	240	206	99
229	242	209	99
229	242	202	98
229	243	201	98
229	251	242	65
229	250	242	65
229	250	245	58
229	251	245	58
230	240	206	99
230	242	209	99
230	242	202	98
230	243	201	98
230	251	242	65
230	250	242	65
230	250	245	58
230	251	245	58
231	240	206	99
231	242	209	99
231	259	201	100
231	244	209	100
231	251	242	65
231	250	242	65
231	250	245	58
231	251	245	58
232	240	206	99
232	242	209	99
232	246	204	65
232	251	242	65
232	250	242	65
232	250	245	58
232	251	245	58
233	240	206	99
233	242	209	99
233	259	201	100
233	245	209	100
233	244	209	100
233	246	204	65
233	251	242	65
233	250	242	65
233	250	245	58
233	251	245	58
234	240	206	99
234	242	209	99
234	242	202	98
234	243	201	98
234	259	201	100
234	245	209	100
234	244	209	100
234	246	204	65
234	251	242	65
234	250	242	65
234	250	245	58
234	251	245	58
235	240	206	99
235	242	209	99
235	242	202	98
235	243	201	98
235	259	201	100
235	245	209	100
235	244	209	100
235	255	202	100
235	246	204	65
235	251	242	65
235	250	242	65
235	250	245	58
235	251	245	58
236	242	202	98
236	243	201	98
236	259	201	100
236	245	209	100
236	244	209	100
236	255	202	100
236	246	204	65
236	251	242	65
236	250	242	65
236	250	245	58
236	251	245	58
237	242	202	98
237	243	201	98
237	259	201	100
237	245	209	100
237	244	209	100
237	255	202	100
237	246	204	65
237	251	242	65
237	250	242	65
237	250	245	58
237	251	245	58
238	242	202	98
238	243	201	98
238	259	201	100
238	245	209	100
238	244	209	100
238	255	202	100
238	246	204	65
238	251	242	65
238	250	245	58
238	251	245	58
239	242	202	98
239	243	201	98
239	245	209	100
239	244	209	100
239	255	202	100
239	246	204	65
239	251	242	65
239	250	245	58
239	251	245	58
240	242	202	98
240	243	201	98
240	245	209	100
240	244	209	100
240	255	202	100
240	246	204	65
240	251	242	65
240	250	245	58
240	251	245	58
241	242	202	98
241	243	201	98
241	259	201	100
241	245	209	100
241	244	209	100
241	255	202	100
241	246	204	65
241	251	242	65
241	250	245	58
241	251	245	58
242	245	209	100
242	244	209	100
242	246	204	65
242	251	242	65
242	250	245	58
242	251	245	58
243	245	209	100
243	244	209	100
243	246	204	65
243	251	242	65
243	250	242	65
243	250	245	58
243	251	245	58
244	245	209	100
244	242	209	100
244	244	209	100
244	246	204	65
244	251	242	65
244	250	242	65
244	250	245	58
244	251	245	58
245	245	209	100
245	242	209	100
245	244	209	100
245	246	204	65
245	251	242	65
245	250	245	58
245	251	245	58
246	245	209	100
246	242	209	100
246	244	209	100
248	245	209	100
248	242	209	100
248	244	209	100
249	245	209	100
249	242	209	100
249	244	209	100
250	245	209	100
250	242	209	100
250	244	209	100
251	245	209	100
251	242	209	100
251	244	209	100
252	245	209	100
252	242	209	100
252	244	209	100
253	245	209	100
253	242	209	100
253	244	209	100
254	245	209	100
254	242	209	100
254	244	209	100
256	246	204	65
256	251	242	65
257	246	204	65
257	251	242	65
259	245	209	100
259	242	209	100
259	251	245	87
259	244	206	87
259	246	204	65
259	251	242	65
260	245	209	100
260	242	209	100
260	251	245	87
260	244	206	87
261	245	209	100
261	242	209	100
261	250	245	58
261	251	245	58
262	245	209	100
262	242	209	100
262	251	243	101
262	248	260	101
262	250	245	58
262	251	245	58
263	243	203	101
263	251	243	101
263	248	260	101
263	246	205	102
263	246	206	102
263	250	245	58
263	251	245	58
264	245	209	100
264	242	209	100
264	246	205	102
264	246	206	102
264	251	243	101
264	248	260	101
264	250	245	58
264	251	245	58
265	245	209	100
265	242	209	100
265	251	243	101
265	248	260	101
265	250	245	58
265	251	245	58
266	245	209	100
266	242	209	100
266	246	205	102
266	246	206	102
266	250	245	58
266	251	245	58
267	245	209	100
267	242	209	100
268	245	209	100
268	242	209	100
278	246	204	103
278	256	248	103
278	246	205	102
278	246	206	102
279	246	205	102
279	246	206	102
280	246	204	103
280	256	248	103
280	246	205	102
280	246	206	102
281	246	204	103
281	256	248	103
281	246	205	102
281	246	206	102
282	246	204	103
282	256	248	103
282	246	205	102
282	246	206	102
283	246	204	103
283	256	248	103
283	246	205	102
283	246	206	102
284	246	204	103
284	256	248	103
285	246	204	103
285	256	248	103
286	246	204	103
286	256	248	103
286	246	205	102
286	246	245	102
287	245	206	50
287	245	207	50
287	246	204	103
287	256	248	103
287	246	205	102
287	246	245	102
288	246	204	103
288	256	248	103
288	246	205	102
288	246	245	102
289	246	204	103
289	256	248	103
289	246	205	102
289	246	245	102
290	246	204	103
290	256	248	103
290	246	205	102
290	246	245	102
291	246	204	103
291	256	248	103
291	246	205	102
291	246	245	102
291	246	206	102
292	246	204	103
292	256	248	103
292	246	205	102
292	246	245	102
292	246	206	102
293	246	204	103
293	256	248	103
293	246	205	102
293	246	245	102
293	246	206	102
294	246	204	103
294	256	248	103
294	246	205	102
294	246	245	102
294	246	206	102
294	252	242	61
294	246	244	61
295	243	204	1
295	248	259	1
295	246	204	103
295	256	248	103
295	246	205	102
295	246	245	102
295	246	206	102
296	243	204	1
296	248	259	1
296	246	204	103
296	256	248	103
296	246	205	102
296	246	245	102
296	246	206	102
297	243	204	1
297	248	259	1
297	246	204	103
297	256	248	103
297	246	205	102
297	246	245	102
297	246	206	102
298	243	204	1
298	248	259	1
298	246	204	103
298	256	248	103
298	246	205	102
298	246	245	102
298	246	206	102
299	240	204	104
299	248	244	104
299	243	204	1
299	248	259	1
299	246	204	103
299	256	248	103
299	246	205	102
299	246	245	102
299	246	206	102
300	240	204	104
300	248	244	104
300	246	204	103
300	256	248	103
300	246	205	102
300	246	245	102
301	240	204	104
301	248	244	104
301	246	204	103
301	256	248	103
301	246	205	102
301	246	245	102
302	246	204	103
302	256	248	103
302	246	205	102
302	246	245	102
303	246	205	102
303	246	245	102
304	246	205	102
304	246	245	102
304	252	242	61
304	246	244	61
305	246	243	105
305	246	204	105
305	246	205	102
305	246	206	102
305	252	244	101
305	246	245	101
305	248	260	101
305	252	242	61
305	246	244	61
306	246	243	105
306	246	204	105
306	246	205	101
306	252	244	101
306	246	245	101
306	248	260	101
307	240	204	104
307	248	244	104
307	246	243	105
307	246	204	105
307	246	205	102
307	246	206	102
307	251	244	101
307	252	244	101
307	246	245	101
307	248	260	101
308	246	208	32
308	245	207	32
308	246	205	102
308	246	206	102
308	251	244	101
308	252	244	101
308	246	245	101
308	248	260	101
309	245	206	50
309	246	244	50
309	246	243	105
309	246	204	105
309	248	258	105
309	246	205	102
309	246	245	102
309	248	260	102
309	246	206	102
309	251	245	58
309	251	244	58
309	251	246	58
310	245	206	50
310	246	244	50
310	246	243	105
310	246	204	105
310	246	205	102
310	246	245	102
310	248	260	102
310	246	206	102
310	251	245	58
310	251	244	58
310	251	246	58
311	241	206	106
311	240	207	106
311	246	243	105
311	246	204	105
311	245	203	105
311	245	208	50
311	245	206	50
311	246	244	50
311	246	205	102
311	246	245	102
311	248	260	102
311	246	206	102
311	251	245	58
311	251	244	58
311	251	246	58
312	240	204	104
312	248	244	104
312	241	206	106
312	240	207	106
312	246	243	105
312	246	204	105
312	245	203	105
312	248	258	105
312	245	208	50
312	245	206	50
312	246	244	50
312	246	205	102
312	251	244	102
312	251	246	102
312	246	245	102
312	248	260	102
312	246	206	102
313	240	204	104
313	248	244	104
313	246	243	105
313	246	204	105
313	245	203	105
313	245	208	50
313	245	206	50
313	246	244	50
313	246	205	102
313	246	206	102
313	251	245	58
313	251	244	58
313	246	245	58
314	246	243	105
314	246	204	105
314	245	203	105
314	246	205	102
314	246	206	102
314	251	244	58
314	246	245	58
315	240	204	104
315	248	244	104
315	246	243	105
315	246	204	105
315	245	203	105
315	251	243	107
315	248	260	107
315	246	205	102
315	246	206	102
315	252	243	108
315	246	244	108
316	240	204	104
316	248	244	104
316	246	243	105
316	246	204	105
316	245	203	105
316	248	260	105
316	246	205	102
316	246	206	102
316	252	243	108
316	246	244	108
317	240	204	104
317	248	244	104
317	246	243	105
317	246	204	105
317	245	203	105
317	246	205	102
317	246	206	102
317	250	245	108
317	251	245	108
317	251	244	108
317	246	244	108
318	240	204	104
318	248	244	104
318	246	243	105
318	246	204	105
318	245	203	105
318	246	205	102
318	246	206	102
318	250	245	108
318	251	245	108
318	251	244	108
319	246	243	105
319	246	204	105
319	245	203	105
319	246	205	102
319	246	206	102
319	250	245	108
319	251	245	108
319	251	244	108
320	246	243	105
320	246	204	105
320	245	203	105
320	246	205	102
320	246	206	102
320	250	245	108
320	251	245	108
320	251	244	108
321	246	243	105
321	246	204	105
321	245	203	105
321	246	205	102
321	246	206	102
321	247	207	76
321	246	244	76
321	250	245	108
321	251	245	108
321	251	244	108
322	246	243	105
322	246	204	105
322	245	203	105
322	248	260	105
322	246	205	102
322	246	206	102
322	247	207	76
322	246	244	76
322	250	245	108
322	251	245	108
322	251	244	108
323	252	243	76
323	245	203	76
323	247	207	76
323	246	244	76
323	246	243	105
323	246	204	105
323	248	260	105
323	246	205	102
323	246	206	102
323	250	245	108
323	251	245	108
323	251	244	108
324	246	204	105
324	245	203	105
324	248	260	105
324	245	208	31
324	246	244	31
324	246	205	102
324	246	206	102
324	251	245	108
324	251	244	108
325	240	204	104
325	248	244	104
325	246	204	105
325	245	203	105
325	248	260	105
325	245	208	31
325	252	243	31
325	246	244	31
325	246	205	102
325	246	206	102
325	251	245	108
325	251	244	108
