1	242	204	1
1	243	203	1
1	243	205	1
1	244	202	1
1	244	205	1
1	245	203	1
1	245	204	1
1	246	204	1
1	248	261	1
1	251	243	1
1	253	237	1
1	258	201	1
1	258	280	1
1	259	192	1
1	259	196	1
1	231	224	2
1	237	236	2
1	242	207	2
1	243	207	2
1	244	207	2
1	244	210	2
1	248	203	2
1	250	246	2
1	252	190	2
1	254	202	2
1	257	202	2
1	258	202	2
1	259	195	2
1	259	201	2
1	228	245	3
1	237	206	3
1	239	221	3
1	241	238	3
1	243	233	3
1	245	205	3
1	247	197	3
1	248	199	3
1	249	197	3
1	249	202	3
1	252	200	3
1	258	277	3
1	244	195	4
1	244	203	4
1	244	206	4
1	245	201	4
1	245	245	4
1	246	203	4
1	247	201	4
1	247	203	4
1	247	207	4
1	247	248	4
1	248	200	4
1	248	201	4
1	248	254	4
1	248	255	4
1	248	262	4
1	250	245	4
1	251	189	4
1	251	240	4
1	251	244	4
1	251	245	4
1	252	232	4
1	252	245	4
1	254	191	4
1	259	202	4
1	248	198	5
1	256	194	5
1	248	239	6
1	258	198	6
1	250	199	7
1	255	199	7
1	244	250	8
1	245	209	8
1	245	246	8
1	246	201	8
1	246	209	8
1	246	237	8
1	246	245	8
1	248	256	8
1	248	260	8
1	249	180	8
1	249	200	8
1	249	246	8
1	249	247	8
1	250	247	8
1	251	246	8
1	252	244	8
1	256	190	8
1	256	202	8
1	256	237	8
1	257	201	8
1	259	230	8
1	239	185	9
1	239	236	9
1	240	228	9
1	242	203	9
1	246	243	9
1	247	204	9
1	252	188	9
1	254	224	9
1	255	192	9
1	256	199	9
1	257	196	9
1	258	196	9
1	259	194	9
1	244	230	10
1	245	202	10
1	245	206	10
1	245	234	10
1	246	202	10
1	246	205	10
1	246	206	10
1	246	207	10
1	246	244	10
1	246	246	10
1	247	202	10
1	247	244	10
1	248	259	10
1	248	263	10
1	252	242	10
1	252	243	10
1	254	204	10
1	259	277	10
1	254	281	11
1	257	235	11
1	243	204	12
1	244	204	12
1	245	207	12
1	245	208	12
1	245	215	12
1	245	252	12
1	246	208	12
1	247	200	12
1	249	259	12
1	251	198	12
1	251	230	12
1	251	239	12
1	252	231	12
1	253	243	12
1	255	196	12
1	255	197	12
1	256	195	12
1	258	197	12
1	258	214	12
1	257	277	13
1	259	199	13
2	239	185	14
2	244	195	14
2	247	201	14
2	248	200	14
2	250	245	14
2	251	240	14
2	243	203	12
2	243	204	12
2	243	206	12
2	244	204	12
2	245	207	12
2	245	252	12
2	246	208	12
2	246	209	12
2	247	200	12
2	248	256	12
2	249	259	12
2	251	239	12
2	253	233	12
2	255	238	12
2	258	197	12
2	259	196	12
2	244	207	4
2	245	201	4
2	245	202	4
2	246	202	4
2	246	244	4
2	247	203	4
2	247	207	4
2	248	255	4
2	248	259	4
2	248	262	4
2	248	263	4
2	249	200	4
2	251	244	4
2	251	245	4
2	252	232	4
2	259	277	4
2	250	199	15
2	259	202	15
2	228	245	3
2	239	221	3
2	243	233	3
2	245	205	3
2	247	197	3
2	249	197	3
2	249	202	3
2	252	200	3
2	255	192	3
2	255	196	3
2	256	195	3
2	258	277	3
2	244	202	16
2	244	206	16
2	245	203	16
2	245	204	16
2	245	208	16
2	245	245	16
2	248	199	16
2	249	240	16
2	252	231	16
2	253	243	16
2	242	204	1
2	243	205	1
2	244	203	1
2	244	205	1
2	244	230	1
2	245	206	1
2	246	204	1
2	246	205	1
2	246	206	1
2	247	244	1
2	248	261	1
2	250	232	1
2	251	243	1
2	252	242	1
2	252	243	1
2	254	224	1
2	237	236	8
2	242	203	8
2	244	210	8
2	245	209	8
2	245	246	8
2	246	201	8
2	247	202	8
2	247	248	8
2	248	203	8
2	249	180	8
2	249	246	8
2	249	247	8
2	250	246	8
2	254	200	8
2	254	202	8
2	256	199	8
2	256	202	8
2	256	237	8
2	257	201	8
2	258	196	8
2	259	194	8
2	259	201	8
2	259	230	8
2	254	281	11
2	257	235	11
2	231	224	2
2	241	238	2
2	242	207	2
2	243	207	2
2	244	232	2
2	246	203	2
2	246	207	2
2	246	245	2
2	248	198	2
2	248	201	2
2	248	254	2
2	248	260	2
2	250	247	2
2	251	246	2
2	252	190	2
2	252	244	2
2	252	245	2
2	256	194	2
2	257	202	2
2	258	202	2
2	259	195	2
3	239	185	14
3	243	204	14
3	244	195	14
3	244	203	14
3	244	204	14
3	244	207	14
3	245	252	14
3	246	207	14
3	247	200	14
3	247	201	14
3	248	200	14
3	248	263	14
3	249	259	14
3	250	245	14
3	251	240	14
3	251	243	14
3	251	244	14
3	252	232	14
3	252	243	14
3	259	195	14
3	228	245	3
3	239	221	3
3	240	214	3
3	242	204	3
3	243	203	3
3	243	205	3
3	243	206	3
3	243	233	3
3	244	205	3
3	245	205	3
3	246	204	3
3	247	197	3
3	248	261	3
3	249	202	3
3	252	200	3
3	252	246	3
3	253	233	3
3	255	192	3
3	255	196	3
3	256	195	3
3	258	277	3
3	259	196	3
3	231	224	2
3	242	207	2
3	243	202	2
3	243	207	2
3	244	202	2
3	244	206	2
3	245	201	2
3	245	203	2
3	245	204	2
3	245	207	2
3	245	208	2
3	246	203	2
3	246	208	2
3	246	245	2
3	248	199	2
3	248	201	2
3	248	254	2
3	248	260	2
3	251	239	2
3	251	245	2
3	252	190	2
3	252	231	2
3	252	244	2
3	252	245	2
3	253	243	2
3	257	202	2
3	258	202	2
3	245	245	16
3	247	203	16
3	248	233	16
3	249	240	16
3	254	191	16
3	244	232	5
3	248	198	5
3	256	194	5
3	238	218	4
3	244	230	4
3	245	202	4
3	245	206	4
3	246	202	4
3	246	205	4
3	246	206	4
3	246	209	4
3	246	244	4
3	247	207	4
3	247	244	4
3	247	248	4
3	248	248	4
3	248	256	4
3	248	259	4
3	248	262	4
3	249	200	4
3	250	244	4
3	252	242	4
3	254	224	4
3	259	277	4
3	237	236	8
3	244	210	8
3	245	209	8
3	245	246	8
3	246	201	8
3	248	203	8
3	249	246	8
3	249	247	8
3	250	246	8
3	250	247	8
3	251	246	8
3	254	240	8
3	254	281	8
3	256	199	8
3	256	202	8
3	256	237	8
3	257	201	8
3	257	235	8
3	258	196	8
3	258	197	8
3	259	194	8
3	259	201	8
3	259	230	8
4	239	185	14
4	242	204	14
4	243	204	14
4	244	195	14
4	244	203	14
4	244	204	14
4	244	207	14
4	245	201	14
4	245	252	14
4	247	200	14
4	247	207	14
4	247	248	14
4	248	200	14
4	248	262	14
4	248	263	14
4	250	245	14
4	251	230	14
4	251	240	14
4	251	244	14
4	251	245	14
4	252	232	14
4	238	218	8
4	244	210	8
4	244	250	8
4	245	209	8
4	245	245	8
4	245	246	8
4	246	201	8
4	246	209	8
4	247	203	8
4	248	203	8
4	248	256	8
4	249	200	8
4	249	240	8
4	249	246	8
4	249	247	8
4	249	259	8
4	250	247	8
4	254	224	8
4	254	240	8
4	254	281	8
4	256	199	8
4	256	202	8
4	256	237	8
4	257	201	8
4	258	197	8
4	259	230	8
4	231	224	2
4	243	206	2
4	244	202	2
4	244	206	2
4	245	203	2
4	245	207	2
4	246	203	2
4	246	208	2
4	246	245	2
4	248	201	2
4	251	239	2
4	251	246	2
4	253	233	2
4	256	254	2
4	257	202	2
4	258	202	2
4	258	214	2
4	259	195	2
4	240	214	12
4	245	202	12
4	246	202	12
4	255	238	12
4	259	196	12
4	250	199	15
4	259	202	15
4	237	236	17
4	241	207	17
4	242	207	17
4	243	207	17
4	247	201	17
4	250	246	17
4	252	190	17
4	258	196	17
4	259	201	17
4	243	203	3
4	243	233	3
4	244	205	3
4	245	205	3
4	246	204	3
4	247	197	3
4	248	261	3
4	249	202	3
4	251	243	3
4	252	200	3
4	252	231	3
4	252	246	3
4	255	192	3
4	258	277	3
4	258	281	3
4	243	205	4
4	244	230	4
4	245	204	4
4	245	206	4
4	245	208	4
4	246	205	4
4	246	206	4
4	246	207	4
4	246	244	4
4	247	244	4
4	248	198	4
4	248	199	4
4	248	248	4
4	248	254	4
4	248	259	4
4	248	260	4
4	250	244	4
4	252	242	4
4	252	243	4
4	252	244	4
4	252	245	4
4	253	243	4
4	256	194	4
4	259	277	4
4	255	196	18
4	256	195	18
5	244	202	2
5	244	206	2
5	244	207	2
5	245	201	2
5	245	203	2
5	245	204	2
5	245	207	2
5	245	208	2
5	245	245	2
5	246	203	2
5	246	208	2
5	247	203	2
5	248	199	2
5	248	260	2
5	249	240	2
5	251	239	2
5	251	245	2
5	258	202	2
5	242	203	19
5	246	243	19
5	243	207	20
5	252	190	20
5	245	205	21
5	258	277	21
5	240	214	12
5	240	228	12
5	243	205	12
5	243	233	12
5	245	202	12
5	246	202	12
5	247	197	12
5	250	198	12
5	252	200	12
5	252	242	12
5	254	224	12
5	255	192	12
5	255	238	12
5	256	200	12
5	259	196	12
5	243	203	3
5	244	205	3
5	244	230	3
5	246	204	3
5	246	205	3
5	247	248	3
5	248	261	3
5	248	262	3
5	251	243	3
5	252	231	3
5	238	218	8
5	244	210	8
5	244	250	8
5	245	209	8
5	245	246	8
5	246	201	8
5	246	209	8
5	246	245	8
5	248	254	8
5	248	256	8
5	249	246	8
5	249	247	8
5	250	247	8
5	251	246	8
5	252	244	8
5	252	245	8
5	254	240	8
5	256	237	8
5	257	201	8
5	258	197	8
5	259	230	8
5	239	185	14
5	242	204	14
5	243	204	14
5	244	195	14
5	244	203	14
5	244	204	14
5	245	252	14
5	247	200	14
5	248	200	14
5	249	259	14
5	250	245	14
5	251	230	14
5	251	240	14
5	251	244	14
5	252	232	14
5	244	232	4
5	245	206	4
5	246	206	4
5	246	207	4
5	246	244	4
5	247	207	4
5	247	244	4
5	248	198	4
5	248	248	4
5	248	259	4
5	248	263	4
5	249	200	4
5	250	232	4
5	252	243	4
5	256	194	4
5	259	277	4
5	243	206	22
5	253	227	22
5	257	277	13
5	259	199	13
5	231	224	17
5	237	236	17
5	242	207	17
5	247	201	17
5	248	255	17
5	250	246	17
5	257	202	17
5	258	196	17
5	259	195	17
5	259	201	17
6	242	203	19
6	246	243	19
6	239	185	14
6	242	204	14
6	244	195	14
6	244	203	14
6	244	207	14
6	245	246	14
6	246	209	14
6	247	200	14
6	248	200	14
6	250	245	14
6	251	240	14
6	251	244	14
6	252	232	14
6	243	203	3
6	243	204	3
6	243	205	3
6	244	204	3
6	244	205	3
6	244	230	3
6	245	206	3
6	245	208	3
6	245	252	3
6	246	204	3
6	246	205	3
6	246	207	3
6	248	263	3
6	251	243	3
6	252	231	3
6	252	242	3
6	252	243	3
6	254	224	3
6	259	195	3
6	231	224	2
6	242	207	2
6	244	202	2
6	244	206	2
6	245	201	2
6	245	202	2
6	245	203	2
6	245	204	2
6	245	207	2
6	246	202	2
6	246	203	2
6	246	208	2
6	247	203	2
6	251	239	2
6	251	245	2
6	257	202	2
6	258	202	2
6	246	245	8
6	247	248	8
6	248	248	8
6	248	254	8
6	248	256	8
6	248	260	8
6	248	262	8
6	250	247	8
6	251	246	8
6	252	244	8
6	253	235	8
6	254	240	8
6	254	281	8
6	245	245	23
6	249	240	23
6	237	236	17
6	244	210	17
6	244	250	17
6	245	209	17
6	246	201	17
6	247	201	17
6	249	246	17
6	249	247	17
6	250	246	17
6	257	201	17
6	258	196	17
6	258	197	17
6	259	201	17
6	259	230	17
6	239	236	12
6	240	228	12
6	243	233	12
6	247	197	12
6	248	255	12
6	252	200	12
6	255	191	12
6	255	192	12
6	256	237	12
6	257	196	12
6	243	206	22
6	253	227	22
6	246	206	4
6	246	244	4
6	247	207	4
6	247	244	4
6	248	259	4
6	249	200	4
6	250	232	4
6	255	238	4
6	259	196	4
6	259	277	4
6	245	205	21
6	258	277	21
6	257	277	13
6	259	199	13
7	244	195	14
7	245	246	14
7	246	207	14
7	246	209	14
7	247	201	14
7	248	200	14
7	248	254	14
7	248	256	14
7	248	260	14
7	250	245	14
7	251	240	14
7	251	244	14
7	251	246	14
7	252	244	14
7	252	245	14
7	243	206	22
7	253	227	22
7	243	203	3
7	243	204	3
7	244	204	3
7	244	205	3
7	244	230	3
7	245	206	3
7	245	252	3
7	246	204	3
7	246	205	3
7	247	244	3
7	247	248	3
7	248	262	3
7	250	232	3
7	251	243	3
7	252	231	3
7	245	205	21
7	258	277	21
7	231	224	2
7	244	202	2
7	244	206	2
7	244	207	2
7	245	201	2
7	245	203	2
7	245	204	2
7	245	207	2
7	246	202	2
7	246	203	2
7	246	208	2
7	247	203	2
7	248	255	2
7	251	239	2
7	251	245	2
7	257	202	2
7	258	202	2
7	259	195	2
7	242	203	19
7	246	243	19
7	240	214	4
7	243	205	4
7	245	202	4
7	245	208	4
7	246	206	4
7	246	244	4
7	247	207	4
7	248	248	4
7	248	259	4
7	248	263	4
7	249	200	4
7	252	242	4
7	252	243	4
7	255	238	4
7	259	196	4
7	259	277	4
7	237	236	24
7	250	246	24
7	258	196	24
7	259	201	24
7	239	236	12
7	240	228	12
7	242	204	12
7	243	233	12
7	244	203	12
7	247	197	12
7	252	200	12
7	252	232	12
7	254	224	12
7	255	191	12
7	255	192	12
7	256	200	12
7	244	210	17
7	244	250	17
7	245	209	17
7	246	201	17
7	246	245	17
7	249	246	17
7	249	247	17
7	250	247	17
7	253	235	17
7	254	240	17
7	254	281	17
7	257	201	17
7	258	197	17
7	259	230	17
7	257	277	13
7	259	199	13
8	239	236	12
8	240	228	12
8	242	204	12
8	243	233	12
8	244	203	12
8	246	232	12
8	246	251	12
8	252	200	12
8	255	192	12
8	244	230	4
8	245	202	4
8	245	206	4
8	246	205	4
8	246	206	4
8	246	244	4
8	247	207	4
8	247	244	4
8	248	259	4
8	249	200	4
8	255	238	4
8	259	196	4
8	259	277	4
8	243	203	25
8	245	207	25
8	246	202	25
8	246	208	25
8	258	280	25
8	244	250	14
8	245	209	14
8	246	209	14
8	246	245	14
8	248	248	14
8	248	254	14
8	248	256	14
8	250	247	14
8	251	244	14
8	251	246	14
8	252	244	14
8	253	235	14
8	254	240	14
8	254	281	14
8	258	197	14
8	231	224	24
8	245	246	24
8	247	201	24
8	248	200	24
8	248	255	24
8	250	245	24
8	250	246	24
8	257	202	24
8	258	196	24
8	258	202	24
8	259	195	24
8	259	201	24
8	244	202	2
8	244	206	2
8	244	210	2
8	245	201	2
8	245	203	2
8	245	204	2
8	246	203	2
8	247	203	2
8	248	260	2
8	249	202	2
8	251	245	2
8	243	204	3
8	243	205	3
8	244	204	3
8	244	205	3
8	245	208	3
8	245	252	3
8	246	204	3
8	248	261	3
8	248	263	3
8	251	243	3
8	252	231	3
8	252	242	3
8	252	243	3
8	254	224	3
8	257	277	13
8	259	199	13
8	246	201	17
8	249	246	17
8	249	247	17
8	257	201	17
8	259	230	17
9	240	214	4
9	243	203	4
9	245	202	4
9	245	206	4
9	246	205	4
9	246	206	4
9	246	244	4
9	247	207	4
9	247	244	4
9	248	259	4
9	249	200	4
9	250	247	4
9	253	235	4
9	254	240	4
9	254	281	4
9	255	238	4
9	258	280	4
9	259	196	4
9	244	202	2
9	244	206	2
9	245	203	2
9	245	207	2
9	246	202	2
9	246	203	2
9	246	208	2
9	247	203	2
9	251	245	2
9	251	246	2
9	246	232	26
9	246	251	26
9	232	184	24
9	245	201	24
9	247	201	24
9	248	200	24
9	250	245	24
9	250	246	24
9	257	202	24
9	258	196	24
9	258	202	24
9	259	195	24
9	259	201	24
9	240	228	3
9	242	204	3
9	243	204	3
9	243	205	3
9	244	203	3
9	244	204	3
9	245	208	3
9	245	252	3
9	248	263	3
9	251	244	3
9	252	242	3
9	252	243	3
9	254	224	3
9	237	206	17
9	244	210	17
9	245	209	17
9	245	246	17
9	246	201	17
9	249	246	17
9	249	247	17
9	257	201	17
9	258	197	17
9	259	230	17
9	239	236	12
9	243	233	12
9	252	200	12
9	255	191	12
9	255	192	12
9	231	224	14
9	244	205	14
9	245	204	14
9	246	204	14
9	246	209	14
9	246	245	14
9	248	248	14
9	248	254	14
9	248	255	14
9	248	256	14
9	248	260	14
9	248	261	14
9	251	243	14
9	252	244	14
9	252	245	14
9	257	199	27
9	258	194	27
10	244	205	1
10	245	204	1
10	246	204	1
10	248	261	1
10	251	243	1
10	246	207	14
10	246	209	14
10	246	245	14
10	248	248	14
10	248	254	14
10	248	256	14
10	248	260	14
10	249	200	14
10	250	247	14
10	251	246	14
10	252	244	14
10	253	235	14
10	254	240	14
10	243	203	4
10	244	230	4
10	245	206	4
10	245	207	4
10	246	202	4
10	246	205	4
10	246	206	4
10	246	208	4
10	246	244	4
10	247	207	4
10	247	244	4
10	248	259	4
10	250	245	4
10	255	238	4
10	258	280	4
10	259	196	4
10	244	206	2
10	245	201	2
10	245	203	2
10	246	203	2
10	247	203	2
10	251	245	2
10	258	202	2
10	242	204	3
10	243	204	3
10	243	205	3
10	244	203	3
10	244	204	3
10	245	208	3
10	245	252	3
10	248	199	3
10	248	263	3
10	251	244	3
10	252	242	3
10	252	243	3
10	243	233	28
10	254	281	28
10	255	192	28
10	231	224	17
10	232	184	17
10	237	206	17
10	244	210	17
10	245	209	17
10	245	246	17
10	248	255	17
10	249	246	17
10	249	247	17
10	250	246	17
10	257	201	17
10	257	202	17
10	258	196	17
10	258	197	17
10	259	195	17
10	259	201	17
10	259	230	17
11	231	224	24
11	232	184	24
11	248	255	24
11	250	246	24
11	257	202	24
11	258	196	24
11	259	195	24
11	259	201	24
11	242	204	1
11	243	204	1
11	244	203	1
11	244	204	1
11	244	205	1
11	245	252	1
11	246	204	1
11	251	243	1
11	244	206	2
11	245	201	2
11	245	203	2
11	245	204	2
11	245	208	2
11	246	203	2
11	246	245	2
11	247	203	2
11	248	199	2
11	248	254	2
11	248	260	2
11	251	245	2
11	251	246	2
11	252	244	2
11	258	202	2
11	246	232	26
11	246	251	26
11	245	206	4
11	246	205	4
11	246	244	4
11	247	207	4
11	247	244	4
11	248	259	4
11	249	200	4
11	255	238	4
11	259	196	4
11	259	277	4
11	246	206	14
11	246	209	14
11	248	248	14
11	248	256	14
11	243	205	3
11	248	200	3
11	250	245	3
11	251	244	3
11	252	242	3
11	252	243	3
11	243	233	28
11	250	247	28
11	253	235	28
11	254	240	28
11	254	281	28
11	255	191	28
11	255	192	28
11	237	206	17
11	244	210	17
11	245	207	17
11	245	209	17
11	245	246	17
11	246	202	17
11	246	208	17
11	249	246	17
11	249	247	17
11	257	201	17
11	258	197	17
11	259	230	17
12	242	204	1
12	243	204	1
12	243	205	1
12	244	203	1
12	244	204	1
12	244	205	1
12	245	204	1
12	245	252	1
12	246	204	1
12	248	230	1
12	251	243	1
12	251	244	1
12	252	242	1
12	252	243	1
12	246	245	3
12	248	200	3
12	248	254	3
12	250	245	3
12	250	247	3
12	252	244	3
12	253	235	3
12	245	206	4
12	246	205	4
12	246	206	4
12	246	209	4
12	246	244	4
12	247	207	4
12	248	248	4
12	248	256	4
12	248	259	4
12	249	200	4
12	251	239	4
12	251	246	4
12	259	277	4
12	237	206	17
12	244	210	17
12	245	207	17
12	245	209	17
12	245	246	17
12	246	202	17
12	246	208	17
12	249	246	17
12	249	247	17
12	257	201	17
12	258	197	17
12	259	230	17
12	231	224	24
12	232	184	24
12	245	208	24
12	248	199	24
12	248	255	24
12	250	246	24
12	257	202	24
12	258	196	24
12	259	195	24
12	259	201	24
12	244	206	2
12	244	232	2
12	245	201	2
12	245	203	2
12	246	203	2
12	247	203	2
12	248	198	2
12	248	260	2
12	248	261	2
12	251	245	2
12	258	202	2
12	243	233	28
12	254	240	28
12	254	281	28
12	255	191	28
12	255	192	28
12	255	238	29
12	259	196	29
13	242	204	3
13	243	205	3
13	244	203	3
13	245	208	3
13	246	206	3
13	248	199	3
13	248	248	3
13	248	260	3
13	250	245	3
13	251	244	3
13	252	242	3
13	252	243	3
13	252	244	3
13	259	195	3
13	243	233	28
13	255	192	28
13	243	203	1
13	243	204	1
13	244	204	1
13	244	205	1
13	245	206	1
13	245	252	1
13	246	204	1
13	248	230	1
13	251	243	1
13	244	206	2
13	244	232	2
13	245	203	2
13	246	203	2
13	247	203	2
13	248	198	2
13	251	245	2
13	258	202	2
13	244	210	17
13	245	209	17
13	246	209	17
13	246	245	17
13	248	254	17
13	248	256	17
13	249	246	17
13	249	247	17
13	250	247	17
13	251	246	17
13	253	235	17
13	254	240	17
13	254	281	17
13	257	201	17
13	258	197	17
13	259	230	17
13	248	233	30
13	253	237	30
13	255	238	29
13	259	196	29
13	231	224	24
13	245	204	24
13	248	255	24
13	250	246	24
13	257	202	24
13	258	196	24
13	259	201	24
13	245	207	4
13	246	202	4
13	246	205	4
13	246	208	4
13	246	244	4
13	247	207	4
13	248	259	4
13	249	200	4
13	259	277	4
14	244	206	8
14	245	203	8
14	246	245	8
14	250	245	8
14	251	245	8
14	251	246	8
14	252	244	8
14	243	204	1
14	244	204	1
14	244	205	1
14	245	206	1
14	245	252	1
14	246	204	1
14	251	243	1
14	244	232	2
14	246	203	2
14	247	203	2
14	248	198	2
14	243	205	3
14	245	208	3
14	246	202	3
14	246	206	3
14	246	209	3
14	246	244	3
14	247	207	3
14	248	199	3
14	248	248	3
14	248	256	3
14	248	259	3
14	248	263	3
14	249	200	3
14	251	244	3
14	252	242	3
14	252	243	3
14	244	210	17
14	245	207	17
14	245	209	17
14	246	208	17
14	249	246	17
14	249	247	17
14	257	201	17
14	258	197	17
14	259	230	17
14	259	277	17
14	250	247	31
14	253	235	31
14	254	240	31
14	254	281	31
14	231	224	24
14	245	204	24
14	248	255	24
14	250	246	24
14	257	202	24
14	258	196	24
14	259	195	24
14	259	201	24
15	243	204	1
15	244	204	1
15	244	205	1
15	245	206	1
15	245	252	1
15	246	204	1
15	251	243	1
15	243	233	28
15	255	192	28
15	244	206	2
15	244	232	2
15	245	203	2
15	245	207	2
15	246	203	2
15	246	208	2
15	247	203	2
15	248	198	2
15	250	245	2
15	251	245	2
15	243	205	3
15	245	208	3
15	248	248	3
15	248	256	3
15	248	263	3
15	251	244	3
15	251	246	3
15	252	242	3
15	252	243	3
15	252	244	3
15	246	202	4
15	246	206	4
15	246	244	4
15	247	207	4
15	248	259	4
15	249	200	4
15	259	202	4
15	259	277	4
15	244	210	17
15	245	209	17
15	246	245	17
15	249	246	17
15	249	247	17
15	250	247	17
15	254	240	17
15	254	281	17
15	257	201	17
15	258	197	17
15	259	230	17
15	231	224	24
15	245	204	24
15	248	255	24
15	250	246	24
15	257	202	24
15	258	196	24
15	259	195	24
15	259	201	24
16	243	204	1
16	244	204	1
16	244	205	1
16	245	252	1
16	246	204	1
16	246	205	1
16	251	243	1
16	244	206	3
16	245	203	3
16	245	206	3
16	246	245	3
16	247	243	3
16	248	248	3
16	248	254	3
16	248	256	3
16	250	245	3
16	251	246	3
16	252	244	3
16	243	205	4
16	245	208	4
16	246	206	4
16	246	244	4
16	248	259	4
16	248	263	4
16	249	200	4
16	251	244	4
16	252	242	4
16	252	243	4
16	259	277	4
16	244	210	17
16	245	209	17
16	249	246	17
16	249	247	17
16	250	246	17
16	250	247	17
16	254	240	17
16	254	281	17
16	257	201	17
16	257	202	17
16	258	196	17
16	258	197	17
16	259	201	17
16	245	201	2
16	245	207	2
16	246	203	2
16	246	208	2
16	247	203	2
16	247	207	2
16	248	255	2
16	251	245	2
16	258	202	2
16	245	231	32
16	253	236	32
16	255	238	29
16	259	196	29
17	242	204	33
17	244	203	33
17	245	231	32
17	253	236	32
17	244	210	17
17	245	207	17
17	245	209	17
17	246	208	17
17	249	246	17
17	249	247	17
17	250	246	17
17	257	201	17
17	257	202	17
17	258	196	17
17	258	197	17
17	259	201	17
17	244	206	2
17	245	203	2
17	246	203	2
17	246	245	2
17	247	203	2
17	248	255	2
17	250	245	2
17	251	245	2
17	243	204	1
17	244	204	1
17	244	205	1
17	245	206	1
17	246	204	1
17	251	243	1
17	246	206	34
17	246	244	34
17	247	207	34
17	248	259	34
17	249	200	34
17	259	277	34
17	243	205	4
17	245	208	4
17	248	263	4
17	251	244	4
17	252	242	4
17	252	243	4
17	248	248	3
17	248	254	3
17	248	256	3
17	251	246	3
17	252	244	3
17	250	247	31
17	254	240	31
17	254	281	31
18	240	206	35
18	241	205	35
18	243	204	1
18	244	204	1
18	244	205	1
18	245	206	1
18	246	204	1
18	251	243	1
18	244	210	17
18	245	207	17
18	245	209	17
18	246	201	17
18	246	208	17
18	249	246	17
18	249	247	17
18	250	246	17
18	257	201	17
18	257	202	17
18	258	196	17
18	258	197	17
18	259	201	17
18	259	230	17
18	244	206	2
18	245	203	2
18	246	203	2
18	247	203	2
18	246	206	34
18	246	244	34
18	247	207	34
18	248	259	34
18	249	200	34
18	259	277	34
18	243	205	3
18	246	245	3
18	248	248	3
18	248	254	3
18	248	255	3
18	248	256	3
18	248	263	3
18	250	245	3
18	251	244	3
18	251	245	3
18	251	246	3
18	252	242	3
18	252	243	3
18	252	244	3
18	258	202	3
18	243	234	36
18	253	235	36
18	245	231	32
18	253	236	32
18	250	247	31
18	254	240	31
18	254	281	31
19	244	205	29
19	244	231	29
19	246	204	29
19	246	205	29
19	246	206	29
19	255	238	29
19	259	196	29
19	244	210	17
19	245	207	17
19	245	209	17
19	246	201	17
19	246	208	17
19	246	245	17
19	249	247	17
19	250	247	17
19	254	240	17
19	254	281	17
19	257	201	17
19	258	197	17
19	259	230	17
19	245	231	32
19	253	236	32
19	244	206	2
19	246	203	2
19	247	203	2
19	248	255	2
19	250	245	2
19	251	244	2
19	251	245	2
19	258	202	2
19	243	205	3
19	248	248	3
19	248	256	3
19	251	246	3
19	252	242	3
19	252	243	3
19	252	244	3
19	243	204	34
19	244	204	34
19	245	206	34
19	246	202	34
19	246	244	34
19	247	207	34
19	248	259	34
19	248	263	34
19	249	200	34
19	251	243	34
19	259	277	34
19	250	246	37
19	258	196	37
19	259	201	37
19	243	234	36
19	253	235	36
20	242	204	33
20	244	203	33
20	244	204	33
20	244	205	33
20	246	204	33
20	246	205	33
20	248	199	33
20	251	243	33
20	243	234	36
20	253	235	36
20	245	203	8
20	245	204	8
20	245	231	32
20	253	236	32
20	244	206	2
20	244	232	2
20	246	203	2
20	247	203	2
20	243	205	3
20	246	245	3
20	248	248	3
20	248	254	3
20	248	255	3
20	248	263	3
20	250	245	3
20	251	245	3
20	252	242	3
20	252	243	3
20	252	244	3
20	258	202	3
20	243	206	38
20	254	225	38
20	245	207	17
20	245	209	17
20	246	201	17
20	246	208	17
20	249	200	17
20	249	247	17
20	257	201	17
20	259	230	17
20	259	277	17
20	250	246	37
20	259	201	37
20	244	231	29
20	245	206	29
20	246	206	29
20	246	244	29
20	247	207	29
20	248	259	29
20	255	238	29
20	259	196	29
21	243	205	3
21	246	245	3
21	248	248	3
21	248	254	3
21	248	255	3
21	248	256	3
21	248	263	3
21	250	245	3
21	251	245	3
21	251	246	3
21	252	242	3
21	252	243	3
21	252	244	3
21	258	202	3
21	242	204	33
21	244	203	33
21	244	204	33
21	244	205	33
21	245	203	33
21	245	204	33
21	245	206	33
21	246	204	33
21	246	205	33
21	248	199	33
21	251	243	33
21	244	206	2
21	244	232	2
21	246	203	2
21	247	203	2
21	247	260	39
21	257	281	39
21	250	246	37
21	258	196	37
21	259	201	37
21	245	231	32
21	253	236	32
21	243	206	38
21	254	225	38
21	244	231	29
21	246	206	29
21	246	244	29
21	247	207	29
21	248	259	29
21	249	200	29
21	255	238	29
21	259	196	29
21	244	210	17
21	245	207	17
21	245	209	17
21	246	208	17
21	249	247	17
21	257	201	17
21	259	230	17
21	259	277	17
22	243	205	3
22	246	245	3
22	248	248	3
22	248	255	3
22	248	256	3
22	248	263	3
22	250	245	3
22	251	245	3
22	251	246	3
22	252	242	3
22	252	243	3
22	252	244	3
22	258	202	3
22	243	206	38
22	254	225	38
22	245	207	17
22	245	209	17
22	246	208	17
22	249	247	17
22	257	201	17
22	259	230	17
22	244	206	2
22	244	232	2
22	245	203	2
22	245	204	2
22	246	203	2
22	246	204	2
22	247	203	2
22	247	260	39
22	257	281	39
22	242	204	33
22	244	203	33
22	244	204	33
22	244	205	33
22	248	199	33
22	251	243	33
22	244	231	29
22	245	206	29
22	246	205	29
22	246	206	29
22	246	244	29
22	247	207	29
22	248	259	29
22	249	200	29
22	259	277	29
22	250	246	37
22	258	196	37
22	259	201	37
22	245	231	32
22	253	236	32
22	248	230	40
22	258	204	40
22	255	238	41
22	259	196	41
23	242	204	42
23	244	203	42
23	244	231	29
23	246	205	29
23	246	206	29
23	246	244	29
23	247	207	29
23	248	259	29
23	249	200	29
23	259	277	29
23	245	207	17
23	245	209	17
23	246	208	17
23	249	247	17
23	257	201	17
23	259	230	17
23	244	232	2
23	245	203	2
23	245	204	2
23	246	203	2
23	247	203	2
23	247	260	39
23	257	281	39
23	243	205	3
23	246	245	3
23	248	255	3
23	248	263	3
23	250	245	3
23	251	245	3
23	251	246	3
23	252	242	3
23	252	243	3
23	252	244	3
23	258	202	3
23	250	246	37
23	258	196	37
23	259	201	37
23	244	204	33
23	244	205	33
23	245	206	33
23	246	204	33
23	251	243	33
23	243	234	36
23	253	235	36
23	245	231	32
23	253	236	32
23	243	206	38
23	254	225	38
23	255	238	41
23	259	196	41
24	242	204	42
24	244	203	42
24	244	205	33
24	245	203	33
24	245	204	33
24	246	204	33
24	245	207	17
24	245	209	17
24	246	208	17
24	249	246	17
24	249	247	17
24	257	201	17
24	259	230	17
24	244	232	2
24	246	203	2
24	247	203	2
24	244	204	29
24	245	206	29
24	246	205	29
24	246	206	29
24	246	244	29
24	247	207	29
24	248	259	29
24	249	200	29
24	251	243	29
24	259	277	29
24	243	205	3
24	246	245	3
24	248	255	3
24	248	263	3
24	250	245	3
24	251	245	3
24	251	246	3
24	252	242	3
24	252	243	3
24	252	244	3
24	258	202	3
24	243	234	36
24	253	235	36
24	245	231	32
24	253	236	32
24	247	260	39
24	257	281	39
24	244	231	41
24	255	238	41
24	259	196	41
24	250	246	37
24	258	196	37
24	259	201	37
25	243	234	36
25	253	235	36
25	242	204	42
25	244	203	42
25	243	205	33
25	244	205	33
25	245	203	33
25	245	204	33
25	246	204	33
25	248	263	33
25	252	242	33
25	252	243	33
25	244	231	29
25	246	205	29
25	246	206	29
25	246	244	29
25	247	207	29
25	248	259	29
25	249	200	29
25	255	238	29
25	259	196	29
25	259	277	29
25	244	232	2
25	246	203	2
25	247	203	2
25	247	260	39
25	257	281	39
25	250	246	37
25	259	201	37
25	244	204	1
25	245	206	1
25	251	243	1
25	245	207	3
25	246	208	3
25	248	254	3
25	248	255	3
25	250	245	3
25	251	245	3
25	251	246	3
25	252	244	3
25	258	202	3
25	245	209	17
25	249	247	17
25	257	201	17
25	259	230	17
26	243	205	33
26	248	254	33
26	251	246	33
26	252	242	33
26	252	243	33
26	252	244	33
26	245	203	8
26	245	204	8
26	245	207	25
26	246	208	25
26	245	209	17
26	257	201	17
26	259	230	17
26	244	205	29
26	244	231	29
26	246	204	29
26	246	205	29
26	248	263	29
26	255	238	29
26	259	196	29
26	247	260	39
26	257	281	39
26	250	246	37
26	259	201	37
26	246	203	3
26	247	203	3
26	248	255	3
26	250	245	3
26	251	245	3
26	258	202	3
26	243	234	36
26	253	235	36
26	244	204	1
26	245	206	1
26	246	206	1
26	246	244	1
26	247	207	1
26	248	259	1
26	249	200	1
26	251	243	1
26	259	277	1
27	245	203	8
27	245	204	8
27	245	209	17
27	257	201	17
27	259	230	17
27	244	206	3
27	245	207	3
27	246	203	3
27	246	208	3
27	247	203	3
27	248	255	3
27	250	245	3
27	251	245	3
27	258	202	3
27	244	204	1
27	245	206	1
27	246	206	1
27	246	244	1
27	247	207	1
27	248	259	1
27	249	200	1
27	259	277	1
27	250	246	37
27	259	201	37
27	243	205	33
27	246	245	33
27	251	246	33
27	252	242	33
27	252	243	33
27	252	244	33
27	244	205	29
27	244	231	29
27	246	204	29
27	246	205	29
27	248	263	29
27	255	238	29
27	259	196	29
28	243	205	33
28	246	206	33
28	251	246	33
28	252	242	33
28	252	243	33
28	252	244	33
28	257	201	33
28	244	205	29
28	244	231	29
28	245	203	29
28	245	204	29
28	246	204	29
28	246	205	29
28	248	263	29
28	244	206	3
28	245	207	3
28	246	203	3
28	246	208	3
28	247	203	3
28	248	255	3
28	250	245	3
28	251	245	3
28	258	202	3
28	244	204	1
28	245	206	1
28	247	207	1
28	248	259	1
28	249	200	1
28	259	277	1
28	245	209	17
28	249	247	17
28	250	246	37
28	259	201	37
29	245	203	29
29	245	204	29
29	246	204	29
29	245	209	17
29	249	247	17
29	246	203	43
29	247	203	43
29	244	204	1
29	244	231	1
29	245	206	1
29	246	205	1
29	247	207	1
29	248	259	1
29	249	200	1
29	259	277	1
29	250	246	37
29	259	201	37
29	243	205	33
29	244	205	33
29	246	206	33
29	248	263	33
29	252	242	33
29	252	243	33
29	245	207	3
29	246	208	3
29	248	248	3
29	248	255	3
29	250	245	3
29	251	245	3
29	251	246	3
29	252	244	3
29	257	201	3
29	258	202	3
30	240	206	35
30	241	205	35
30	245	206	1
30	248	259	1
30	249	200	1
30	259	277	1
30	245	207	25
30	246	208	25
30	246	203	43
30	247	203	43
30	244	205	29
30	245	204	29
30	246	204	29
30	248	263	29
30	245	209	17
30	249	247	17
30	246	245	3
30	248	255	3
30	251	245	3
30	252	243	3
30	252	244	3
30	258	202	3
30	251	246	44
30	257	201	44
31	240	206	35
31	241	205	35
31	244	204	1
31	245	206	1
31	248	259	1
31	249	200	1
31	259	277	1
31	244	205	29
31	245	204	29
31	246	204	29
31	246	203	43
31	247	203	43
31	245	207	25
31	246	208	25
31	245	209	17
31	249	247	17
31	251	246	17
31	257	201	17
31	257	202	45
31	259	195	45
31	246	245	3
31	248	263	3
31	251	245	3
31	252	243	3
31	252	244	3
31	258	202	3
32	244	205	29
32	245	204	29
32	246	204	29
32	245	207	25
32	246	208	25
32	245	209	17
32	249	247	17
32	246	203	43
32	247	203	43
32	251	245	3
32	251	246	3
32	252	243	3
32	252	244	3
32	257	201	3
32	243	205	33
32	252	242	33
32	244	204	1
32	244	231	1
32	245	206	1
32	248	259	1
32	249	200	1
32	255	238	1
32	259	277	1
33	244	205	29
33	245	204	29
33	246	204	29
33	245	207	25
33	246	208	25
33	245	209	17
33	249	247	17
33	244	204	46
33	245	206	46
33	251	243	46
33	243	205	33
33	252	242	33
33	244	231	1
33	248	259	1
33	249	200	1
33	255	238	1
33	259	277	1
33	246	245	3
33	248	254	3
33	251	245	3
33	251	246	3
33	252	243	3
33	252	244	3
33	257	201	3
33	257	199	27
33	258	194	27
34	243	205	33
34	252	242	33
34	244	205	29
34	245	204	29
34	246	204	29
34	244	204	1
34	244	231	1
34	245	206	1
34	246	206	1
34	248	259	1
34	249	200	1
34	255	238	1
34	259	277	1
34	245	209	17
34	249	247	17
34	245	207	3
34	246	208	3
34	246	245	3
34	251	245	3
34	251	246	3
34	252	243	3
34	252	244	3
34	257	201	3
35	244	205	29
35	245	203	29
35	245	204	29
35	246	204	29
35	245	209	17
35	249	247	17
35	244	204	1
35	244	231	1
35	245	206	1
35	246	206	1
35	248	259	1
35	249	200	1
35	259	277	1
35	245	207	3
35	246	208	3
35	246	245	3
35	251	245	3
35	251	246	3
35	252	243	3
35	252	244	3
35	257	201	3
35	243	205	33
35	252	242	33
35	250	246	37
35	257	202	37
36	243	205	33
36	252	242	33
36	244	204	1
36	245	206	1
36	244	205	29
36	246	204	29
36	245	207	25
36	246	208	25
36	249	200	47
36	259	277	47
36	251	245	3
36	251	246	3
36	252	243	3
36	252	244	3
37	243	205	33
37	252	242	33
37	244	205	29
37	246	204	29
37	244	244	48
37	248	243	48
37	245	207	3
37	246	208	3
37	250	245	3
37	251	245	3
37	251	246	3
37	252	243	3
37	252	244	3
37	244	204	1
37	244	231	1
37	245	206	1
37	248	259	1
37	249	200	1
37	259	277	1
37	250	246	37
37	257	202	37
37	257	201	44
37	259	230	44
38	240	206	35
38	241	205	35
38	244	205	29
38	246	204	29
38	244	244	48
38	248	243	48
38	245	207	3
38	246	208	3
38	244	231	41
38	248	259	41
38	255	238	41
38	249	200	1
38	259	277	1
38	250	246	37
38	257	202	37
38	247	243	49
38	251	245	49
38	252	244	49
39	244	205	29
39	246	204	29
39	245	207	3
39	246	208	3
39	247	243	49
39	252	244	49
39	244	244	48
39	248	243	48
39	249	200	1
39	259	277	1
40	244	205	29
40	246	204	29
40	245	207	3
40	246	208	3
40	244	244	48
40	248	243	48
40	249	200	1
40	259	277	1
41	244	244	48
41	248	243	48
42	244	244	48
42	248	243	48
43	244	244	48
43	248	243	48
43	247	243	49
43	251	245	49
43	252	244	49
43	243	205	33
43	252	242	33
44	247	243	49
44	251	245	49
44	252	244	49
44	243	205	33
44	252	242	33
45	243	205	33
45	252	242	33
45	247	243	49
45	251	245	49
45	252	244	49
46	243	205	33
46	252	242	33
47	251	245	49
47	252	244	49
47	243	205	33
47	252	242	33
48	243	205	33
48	252	242	33
49	243	205	33
49	252	242	33
50	243	205	33
50	252	242	33
51	243	205	33
51	252	242	33
52	243	205	33
52	252	242	33
53	243	205	33
53	252	242	33
54	243	205	33
54	252	242	33
55	243	205	33
55	252	242	33
86	245	204	50
86	253	193	50
87	242	204	42
87	245	204	42
95	242	203	19
95	243	202	19
96	242	203	19
96	243	202	19
96	246	243	19
96	244	203	29
96	244	204	29
96	246	204	29
97	242	203	19
97	243	202	19
97	244	204	29
97	246	204	29
97	242	204	42
97	245	204	42
98	242	203	19
98	243	202	19
98	244	204	29
98	246	204	29
98	242	204	42
98	245	204	42
99	242	203	19
99	243	202	19
99	244	203	29
99	244	204	29
99	246	204	29
99	242	204	42
99	245	204	42
100	242	203	19
100	243	202	19
100	244	203	29
100	244	204	29
100	246	204	29
100	247	206	51
100	251	245	51
100	252	243	51
101	242	203	19
101	243	202	19
101	244	203	29
101	244	204	29
101	246	204	29
101	242	204	42
101	245	204	42
102	242	203	19
102	243	202	19
102	244	203	29
102	244	204	29
102	246	204	29
102	242	204	42
102	245	204	42
103	242	203	19
103	243	202	19
103	242	204	42
103	245	204	42
103	244	203	29
103	244	204	29
103	246	204	29
104	242	203	19
104	243	202	19
104	242	204	42
104	245	204	42
104	244	203	29
104	244	204	29
104	246	204	29
104	243	205	33
104	252	243	33
105	242	203	19
105	243	202	19
105	246	243	19
105	243	205	33
105	252	243	33
105	242	204	42
105	245	204	42
105	244	204	29
105	246	204	29
105	252	242	29
105	244	203	52
105	245	205	52
105	251	242	52
105	245	203	46
105	251	243	46
106	244	203	29
106	244	204	29
106	245	205	29
106	246	204	29
106	245	203	46
106	251	243	46
106	242	203	19
106	243	202	19
106	246	243	19
106	252	241	19
106	243	205	33
106	252	243	33
107	242	203	19
107	243	202	19
107	243	205	33
107	252	243	33
107	244	203	29
107	244	204	29
107	245	205	29
107	246	204	29
107	245	206	53
107	246	243	53
107	252	241	53
107	245	203	46
107	251	243	46
108	242	204	42
108	245	204	42
108	244	203	29
108	244	204	29
108	245	205	29
108	246	204	29
108	245	203	46
108	246	206	46
108	251	243	46
108	242	203	53
108	243	202	53
108	245	206	53
108	246	243	53
108	252	241	53
108	243	205	33
108	252	243	33
109	242	203	19
109	243	202	19
109	244	203	29
109	244	204	29
109	245	205	29
109	246	204	29
109	245	203	46
109	246	206	46
109	251	243	46
109	243	205	53
109	245	206	53
109	246	243	53
109	252	241	53
110	242	203	53
110	243	202	53
110	243	205	53
110	245	206	53
110	246	243	53
110	252	241	53
110	244	203	29
110	244	204	29
110	246	204	29
110	245	203	46
110	245	204	46
110	245	205	46
110	246	206	46
110	251	243	46
110	242	201	54
110	249	243	54
111	242	201	54
111	249	243	54
111	243	203	29
111	244	203	29
111	244	204	29
111	246	204	29
111	252	242	29
111	245	203	46
111	245	205	46
111	246	206	46
111	251	243	46
111	242	203	53
111	243	202	53
111	243	205	53
111	245	206	53
111	246	243	53
111	252	241	53
112	242	201	54
112	242	202	54
112	249	243	54
112	242	203	53
112	243	202	53
112	243	203	53
112	244	205	55
112	246	205	55
112	245	203	46
112	245	204	46
112	245	206	46
112	246	206	46
112	246	243	46
112	251	243	46
112	252	241	46
112	244	203	29
112	244	204	29
112	245	205	29
112	246	204	29
112	252	242	29
112	243	205	33
112	247	206	33
112	251	244	33
112	252	243	33
113	242	201	53
113	242	203	53
113	243	202	53
113	249	243	53
113	244	205	55
113	246	205	55
113	242	204	42
113	245	204	42
113	244	203	29
113	244	204	29
113	245	205	29
113	246	204	29
113	252	242	29
113	245	203	46
113	245	206	46
113	246	206	46
113	246	243	46
113	251	243	46
113	252	241	46
113	243	205	33
113	247	206	33
113	251	244	33
113	252	243	33
113	250	242	56
113	259	193	56
114	242	201	53
114	242	203	53
114	243	202	53
114	249	243	53
114	243	205	33
114	245	206	33
114	246	243	33
114	247	206	33
114	252	243	33
114	242	204	42
114	244	203	42
114	245	203	42
114	245	204	42
114	245	205	42
114	246	206	42
114	251	243	42
114	244	205	55
114	246	205	55
114	244	204	29
114	246	204	29
114	252	242	29
115	242	204	42
115	244	203	42
115	245	203	42
115	245	204	42
115	245	205	42
115	246	206	42
115	251	243	42
115	242	203	55
115	243	202	55
115	244	205	55
115	246	205	55
115	243	205	33
115	247	206	33
115	252	243	33
115	242	201	53
115	249	243	53
115	244	204	29
115	245	206	29
115	246	204	29
115	246	243	29
115	252	242	29
116	242	201	53
116	249	243	53
116	242	204	33
116	243	205	33
116	245	204	33
116	252	243	33
116	242	203	55
116	243	202	55
116	244	205	55
116	246	205	55
116	244	203	57
116	245	205	57
116	244	206	42
116	245	203	42
116	245	206	42
116	246	206	42
116	246	243	42
116	251	243	42
116	244	204	29
116	246	204	29
116	252	242	29
117	242	203	55
117	243	202	55
117	244	205	55
117	246	205	55
117	243	205	42
117	244	206	42
117	245	206	42
117	246	204	42
117	246	243	42
117	244	203	57
117	245	203	57
117	245	204	57
117	245	205	57
117	246	206	57
117	242	201	53
117	249	243	53
117	244	204	29
117	252	242	29
118	242	201	53
118	249	243	53
118	244	206	57
118	245	203	57
118	245	204	57
118	246	206	57
118	244	203	58
118	245	205	58
118	244	205	55
118	246	205	55
118	242	203	42
118	243	202	42
118	243	205	42
118	245	206	42
118	246	204	42
118	246	243	42
118	248	232	42
118	244	204	29
118	252	242	29
119	244	204	29
119	252	242	29
119	244	206	57
119	245	203	57
119	245	204	57
119	245	206	57
119	246	206	57
119	244	203	58
119	245	205	58
119	242	201	53
119	242	203	53
119	243	202	53
119	244	205	53
119	246	205	53
119	249	243	53
119	246	245	59
119	251	244	59
119	243	205	42
119	246	204	42
119	246	243	42
119	248	232	42
120	242	201	53
120	242	203	53
120	249	243	53
120	243	205	42
120	248	232	42
120	243	202	55
120	244	205	55
120	246	204	55
120	246	205	55
120	246	243	55
120	243	204	57
120	244	206	57
120	245	203	57
120	245	204	57
120	245	206	57
120	246	206	57
120	244	203	58
120	245	205	58
120	245	246	59
120	246	245	59
120	251	244	59
120	244	204	29
120	252	242	29
120	250	242	56
120	259	193	56
121	244	204	29
121	246	204	29
121	246	243	29
121	252	242	29
121	243	204	57
121	244	202	57
121	244	206	57
121	245	203	57
121	245	204	57
121	245	206	57
121	246	206	57
121	253	237	57
121	243	205	42
121	244	203	42
121	245	205	42
121	248	232	42
121	242	201	53
121	242	203	53
121	243	202	53
121	244	205	53
121	246	205	53
121	249	243	53
121	245	246	59
121	246	245	59
121	251	244	59
121	250	244	60
121	255	192	60
121	250	242	56
121	259	193	56
122	243	205	42
122	243	206	42
122	246	243	42
122	248	232	42
122	257	192	42
122	244	202	57
122	244	206	57
122	245	206	57
122	246	206	57
122	247	197	57
122	244	204	29
122	246	204	29
122	252	242	29
122	242	201	53
122	242	203	53
122	243	202	53
122	244	205	53
122	246	205	53
122	249	243	53
122	244	203	61
122	245	203	61
122	245	204	61
122	245	205	61
122	249	210	61
122	246	245	59
122	251	244	59
122	250	244	60
122	255	192	60
122	250	242	56
122	259	193	56
123	242	201	53
123	242	203	53
123	249	243	53
123	244	203	61
123	244	204	61
123	245	205	61
123	252	242	61
123	243	202	42
123	243	205	42
123	244	205	42
123	246	204	42
123	246	205	42
123	246	243	42
123	248	232	42
123	250	242	56
123	259	193	56
123	250	244	60
123	255	192	60
123	246	245	59
123	251	244	59
123	244	202	57
123	244	206	57
123	245	203	57
123	245	204	57
123	245	206	57
123	246	206	57
123	249	210	57
123	253	237	57
124	242	201	53
124	242	203	53
124	249	243	53
124	243	202	42
124	243	205	42
124	244	205	42
124	246	204	42
124	246	205	42
124	246	243	42
124	248	232	42
124	244	203	61
124	244	204	61
124	245	205	61
124	252	242	61
124	244	202	57
124	244	206	57
124	245	203	57
124	245	204	57
124	245	206	57
124	246	206	57
124	249	210	57
124	253	237	57
124	250	242	56
124	259	193	56
124	245	246	59
124	246	245	59
124	251	244	59
124	250	244	60
124	255	192	60
124	254	196	62
124	258	194	62
125	242	201	53
125	242	203	53
125	249	243	53
125	242	204	33
125	248	260	33
125	243	202	42
125	243	205	42
125	246	204	42
125	246	243	42
125	248	232	42
125	244	203	61
125	244	204	61
125	245	205	61
125	252	242	61
125	244	202	55
125	244	205	55
125	246	205	55
125	244	206	57
125	245	203	57
125	245	204	57
125	245	206	57
125	246	206	57
125	249	210	57
125	253	237	57
125	250	244	60
125	255	192	60
125	245	246	59
125	246	245	59
125	248	255	59
125	251	244	59
125	252	244	59
125	254	196	62
125	258	194	62
125	250	242	56
125	259	193	56
126	242	201	53
126	242	203	53
126	243	202	53
126	246	204	53
126	246	243	53
126	246	244	53
126	249	243	53
126	244	202	55
126	244	205	55
126	244	206	55
126	245	206	55
126	246	205	55
126	246	206	55
126	243	205	57
126	244	203	57
126	245	203	57
126	245	204	57
126	245	205	57
126	248	232	57
126	248	255	57
126	249	210	57
126	252	244	57
126	253	237	57
126	250	242	56
126	259	193	56
126	250	244	60
126	255	192	60
126	245	246	59
126	246	245	59
126	251	244	59
126	244	204	61
126	252	242	61
126	254	196	62
126	258	194	62
127	243	202	42
127	243	205	42
127	244	206	42
127	245	206	42
127	246	204	42
127	246	243	42
127	248	232	42
127	257	192	42
127	244	203	61
127	244	204	61
127	245	205	61
127	252	242	61
127	244	202	55
127	244	205	55
127	246	205	55
127	245	203	57
127	245	204	57
127	246	206	57
127	248	255	57
127	249	210	57
127	253	237	57
127	242	201	53
127	242	203	53
127	246	244	53
127	249	243	53
127	250	242	56
127	259	193	56
127	250	244	60
127	255	192	60
127	245	246	59
127	246	245	59
127	251	244	59
128	242	201	53
128	242	203	53
128	249	243	53
128	243	205	63
128	248	232	63
128	257	192	63
128	244	204	61
128	252	242	61
128	244	205	55
128	246	205	55
128	243	202	42
128	244	206	42
128	245	206	42
128	246	204	42
128	246	243	42
128	245	246	59
128	246	245	59
128	251	244	59
128	244	203	57
128	245	203	57
128	245	204	57
128	245	205	57
128	246	206	57
128	248	255	57
128	249	210	57
128	252	244	57
128	253	237	57
128	250	242	56
128	259	193	56
128	250	244	60
128	255	192	60
129	242	201	53
129	242	203	53
129	243	202	53
129	246	244	53
129	249	243	53
129	243	205	63
129	248	232	63
129	257	192	63
129	244	203	58
129	245	205	58
129	246	243	58
129	244	204	61
129	252	242	61
129	244	206	42
129	245	206	42
129	244	205	55
129	246	205	55
129	245	203	57
129	245	204	57
129	246	206	57
129	249	210	57
129	253	237	57
129	245	246	59
129	246	245	59
129	251	244	59
129	250	242	56
129	259	193	56
130	242	201	53
130	242	203	53
130	243	202	53
130	246	244	53
130	249	243	53
130	243	205	63
130	248	232	63
130	257	192	63
130	245	203	57
130	245	204	57
130	246	206	57
130	249	210	57
130	253	237	57
130	244	203	58
130	245	205	58
130	246	243	58
130	244	206	42
130	245	206	42
130	244	205	55
130	246	205	55
130	245	246	59
130	246	245	59
130	251	244	59
130	250	242	56
130	259	193	56
131	240	203	53
131	242	201	53
131	242	203	53
131	243	202	53
131	246	244	53
131	249	243	53
131	242	204	33
131	248	260	33
131	243	205	63
131	244	207	63
131	247	202	63
131	248	232	63
131	257	192	63
131	244	203	58
131	245	205	58
131	246	243	58
131	244	205	55
131	246	205	55
131	245	246	59
131	246	245	59
131	251	244	59
131	245	203	57
131	245	204	57
131	246	206	57
131	249	210	57
131	253	237	57
131	250	242	56
131	259	193	56
131	250	244	60
131	255	192	60
132	240	203	53
132	242	201	53
132	242	203	53
132	243	202	53
132	249	243	53
132	251	227	53
132	243	205	63
132	244	207	63
132	247	202	63
132	248	232	63
132	257	192	63
132	244	206	57
132	245	203	57
132	245	204	57
132	245	206	57
132	246	206	57
132	249	210	57
132	252	242	57
132	253	237	57
132	244	203	58
132	245	205	58
132	246	204	58
132	246	243	58
132	245	246	59
132	246	245	59
132	251	244	59
132	252	244	59
132	244	205	55
132	246	205	55
132	250	244	60
132	255	192	60
132	250	242	56
132	259	193	56
133	240	203	53
133	242	201	53
133	242	203	53
133	243	202	53
133	249	243	53
133	251	227	53
133	257	192	53
133	245	246	59
133	246	245	59
133	251	244	59
133	252	243	59
133	244	202	55
133	244	205	55
133	246	205	55
133	244	206	57
133	245	203	57
133	245	204	57
133	246	206	57
133	249	210	57
133	252	242	57
133	253	237	57
133	244	203	58
133	245	205	58
133	246	204	58
133	246	243	58
133	243	205	63
133	244	207	63
133	247	202	63
133	248	232	63
133	250	242	56
133	259	193	56
134	240	203	53
134	242	201	53
134	242	203	53
134	249	243	53
134	243	202	64
134	243	205	64
134	248	232	64
134	251	227	64
134	257	192	64
134	244	202	55
134	244	205	55
134	246	205	55
134	244	203	58
134	245	203	58
134	245	205	58
134	246	204	58
134	246	206	58
134	246	243	58
134	245	246	59
134	246	245	59
134	251	244	59
134	250	242	56
134	259	193	56
134	244	204	57
134	245	204	57
134	249	210	57
134	252	242	57
135	240	203	53
135	242	201	53
135	242	203	53
135	243	202	53
135	249	243	53
135	251	227	53
135	244	203	58
135	245	203	58
135	245	205	58
135	246	206	58
135	246	204	29
135	246	243	29
135	244	202	55
135	244	205	55
135	246	205	55
135	245	246	59
135	246	245	59
135	251	244	59
135	250	242	56
135	259	193	56
135	243	205	64
135	248	232	64
135	257	192	64
135	251	242	52
135	251	243	52
135	244	204	57
135	245	204	57
135	249	210	57
135	252	242	57
136	242	204	33
136	245	203	33
136	246	206	33
136	248	260	33
136	242	201	53
136	242	203	53
136	243	202	53
136	249	243	53
136	251	227	53
136	238	203	55
136	244	202	55
136	244	205	55
136	246	205	55
136	244	204	57
136	245	204	57
136	249	210	57
136	252	242	57
136	244	206	42
136	245	206	42
136	244	203	29
136	245	205	29
136	246	204	29
136	246	243	29
136	243	205	64
136	248	232	64
136	257	192	64
136	251	242	52
136	251	243	52
136	245	246	59
136	246	245	59
136	251	244	59
136	250	242	56
136	259	193	56
137	242	201	53
137	242	203	53
137	243	202	53
137	246	204	53
137	246	243	53
137	246	244	53
137	249	243	53
137	251	227	53
137	238	203	55
137	244	202	55
137	244	205	55
137	246	205	55
137	244	206	42
137	245	206	42
137	245	246	59
137	246	245	59
137	251	244	59
137	242	204	33
137	244	203	33
137	245	203	33
137	245	205	33
137	246	206	33
137	248	260	33
137	251	242	33
137	251	243	33
137	244	204	57
137	245	204	57
137	249	210	57
137	252	242	57
137	243	205	64
137	248	232	64
137	257	192	64
137	250	242	56
137	259	193	56
138	242	201	53
138	242	203	53
138	243	202	53
138	246	244	53
138	249	243	53
138	251	227	53
138	243	205	64
138	248	232	64
138	257	192	64
138	242	204	33
138	244	203	33
138	245	203	33
138	245	205	33
138	246	204	33
138	246	243	33
138	248	260	33
138	251	242	33
138	251	243	33
138	244	204	57
138	245	204	57
138	249	210	57
138	252	242	57
138	244	206	42
138	245	206	42
138	245	246	59
138	246	245	59
138	251	244	59
138	244	202	55
138	244	205	55
138	246	205	55
138	250	244	60
138	255	192	60
138	250	242	56
138	259	193	56
139	242	201	53
139	242	203	53
139	243	202	53
139	246	244	53
139	249	243	53
139	251	227	53
139	244	206	42
139	245	206	42
139	245	204	57
139	249	210	57
139	252	242	57
139	245	246	59
139	246	245	59
139	251	244	59
139	242	204	33
139	244	203	33
139	245	203	33
139	245	205	33
139	246	204	33
139	246	243	33
139	248	260	33
139	244	202	55
139	244	205	55
139	245	230	55
139	246	205	55
139	250	242	56
139	259	193	56
139	243	205	64
139	257	192	64
140	243	205	64
140	257	192	64
140	244	202	55
140	245	230	55
140	244	203	58
140	245	205	58
140	244	205	65
140	246	205	65
140	244	206	42
140	245	206	42
140	245	246	59
140	251	244	59
140	245	203	33
140	246	204	33
140	246	243	33
140	248	260	33
140	245	204	57
140	249	210	57
140	252	242	57
140	250	242	56
140	259	193	56
140	242	201	53
140	243	202	53
140	246	244	53
140	249	243	53
140	251	227	53
141	243	206	66
141	258	195	66
141	244	202	55
141	244	205	55
141	245	230	55
141	246	205	55
141	245	204	57
141	249	210	57
141	252	242	57
141	244	206	42
141	245	206	42
141	245	246	59
141	251	244	59
141	244	203	33
141	245	203	33
141	245	205	33
141	246	204	33
141	246	243	33
141	248	198	33
141	248	260	33
141	242	201	53
141	243	202	53
141	246	244	53
141	249	243	53
141	250	242	53
141	251	227	53
141	243	205	64
141	257	192	64
142	243	206	66
142	258	195	66
142	245	204	57
142	249	210	57
142	252	242	57
142	244	203	33
142	245	203	33
142	245	205	33
142	246	204	33
142	246	243	33
142	248	198	33
142	248	260	33
142	244	206	42
142	245	206	42
142	244	202	55
142	244	205	55
142	245	230	55
142	246	205	55
142	242	201	53
142	242	203	53
142	243	202	53
142	246	244	53
142	249	243	53
142	250	242	53
142	251	227	53
142	259	193	53
142	245	246	59
142	251	244	59
142	243	205	64
142	257	192	64
143	242	204	33
143	244	203	33
143	245	203	33
143	245	205	33
143	246	243	33
143	248	260	33
143	243	206	66
143	258	195	66
143	241	203	57
143	245	204	57
143	249	210	57
143	252	242	57
143	244	206	42
143	245	206	42
143	244	202	55
143	244	205	55
143	245	230	55
143	246	205	55
143	242	201	53
143	242	203	53
143	243	202	53
143	250	242	53
143	251	227	53
143	259	193	53
143	243	205	64
143	257	192	64
144	243	206	66
144	258	195	66
144	244	202	55
144	244	205	55
144	245	230	55
144	246	205	55
144	244	206	42
144	245	206	42
144	245	229	67
144	247	207	67
144	242	204	33
144	244	203	33
144	245	203	33
144	245	205	33
144	246	243	33
144	248	260	33
144	251	243	33
144	241	203	57
144	245	204	57
144	246	245	57
144	249	210	57
144	252	242	57
144	242	201	53
144	243	202	53
144	246	244	53
144	250	242	53
144	251	227	53
144	259	193	53
144	243	205	64
144	257	192	64
145	242	201	53
145	246	244	53
145	251	227	53
145	243	205	64
145	257	192	64
145	245	204	57
145	249	210	57
145	252	242	57
145	244	206	42
145	245	206	42
145	244	202	55
145	244	203	55
145	244	205	55
145	245	205	55
145	245	230	55
145	246	205	55
145	242	204	33
145	245	203	33
145	246	243	33
145	248	260	33
145	251	243	33
145	247	199	68
145	247	200	68
145	248	262	68
145	251	244	68
145	243	206	66
145	258	195	66
145	243	202	69
145	250	242	69
145	252	236	69
145	259	193	69
146	242	201	53
146	246	244	53
146	251	227	53
146	243	202	69
146	250	242	69
146	259	193	69
146	243	205	64
146	257	192	64
146	242	204	33
146	245	203	33
146	246	243	33
146	248	260	33
146	251	243	33
146	244	206	42
146	245	206	42
146	244	202	55
146	244	203	55
146	244	205	55
146	245	205	55
146	245	230	55
146	246	205	55
146	245	204	57
146	249	210	57
146	252	242	57
147	242	201	53
147	246	244	53
147	251	227	53
147	242	204	33
147	245	203	33
147	246	243	33
147	248	260	33
147	251	243	33
147	243	202	69
147	250	242	69
147	243	205	64
147	257	192	64
147	243	206	66
147	258	195	66
147	244	202	55
147	244	205	55
147	245	230	55
147	246	205	55
147	244	203	58
147	245	205	58
147	244	206	42
147	245	206	42
147	245	204	57
147	249	210	57
147	252	242	57
148	242	201	53
148	246	244	53
148	251	227	53
148	243	202	69
148	250	242	69
148	259	193	69
148	243	205	64
148	257	192	64
148	243	206	66
148	258	195	66
148	243	208	70
148	259	199	70
148	244	203	58
148	245	205	58
148	244	206	42
148	245	206	42
148	245	204	57
148	249	210	57
148	252	242	57
148	244	202	55
148	244	205	55
148	245	230	55
148	246	205	55
148	251	243	55
148	242	204	33
148	245	203	33
148	246	243	33
148	248	260	33
148	257	193	71
148	258	292	71
149	241	206	72
149	250	203	72
149	244	206	42
149	245	206	42
149	244	202	55
149	244	203	55
149	244	205	55
149	245	205	55
149	245	230	55
149	246	205	55
149	242	204	33
149	245	203	33
149	246	243	33
149	248	260	33
149	242	201	53
149	246	244	53
149	251	227	53
149	248	198	52
149	250	244	52
149	251	242	52
149	251	243	52
149	247	199	68
149	248	262	68
149	245	204	57
149	249	210	57
149	243	202	69
149	248	243	69
149	250	242	69
149	259	193	69
149	245	246	59
149	251	244	59
149	227	240	73
149	252	244	73
149	243	205	64
149	257	192	64
149	243	206	66
149	258	195	66
149	257	193	71
149	258	292	71
150	241	206	72
150	250	203	72
150	242	201	53
150	246	244	53
150	251	227	53
150	243	206	66
150	258	195	66
150	244	202	55
150	245	230	55
150	244	205	65
150	246	205	65
150	244	206	42
150	245	206	42
150	244	203	58
150	245	205	58
150	242	204	33
150	245	203	33
150	246	243	33
150	248	260	33
150	251	242	33
150	251	243	33
150	257	194	33
150	247	199	68
150	248	262	68
150	251	244	68
150	245	204	57
150	249	210	57
150	252	242	57
150	243	202	69
150	248	243	69
150	250	242	69
150	259	193	69
150	243	205	64
150	257	192	64
150	243	208	70
150	259	199	70
151	243	202	69
151	248	243	69
151	250	242	69
151	259	193	69
151	243	205	64
151	257	192	64
151	243	206	66
151	258	195	66
151	244	206	42
151	245	206	42
151	242	204	33
151	244	203	33
151	245	203	33
151	245	205	33
151	246	243	33
151	248	260	33
151	244	202	55
151	245	230	55
151	244	205	65
151	246	205	65
151	251	242	65
151	251	243	65
151	257	194	65
151	247	199	68
151	248	262	68
151	251	244	68
151	245	204	57
151	249	210	57
151	252	242	57
151	227	240	73
151	252	244	73
151	243	208	70
151	259	199	70
152	243	208	70
152	259	199	70
152	244	202	55
152	245	230	55
152	244	206	42
152	245	206	42
152	245	204	57
152	245	229	57
152	245	243	57
152	249	210	57
152	252	242	57
152	244	205	65
152	246	205	65
152	251	242	65
152	251	243	65
152	257	194	65
152	242	201	53
152	246	244	53
152	251	227	53
152	247	199	68
152	248	262	68
152	251	244	68
152	242	204	33
152	244	203	33
152	245	203	33
152	245	205	33
152	246	243	33
152	248	260	33
152	227	240	73
152	252	244	73
152	243	205	64
152	257	192	64
152	243	206	66
152	258	195	66
152	243	202	69
152	248	243	69
152	250	242	69
152	259	193	69
153	243	208	70
153	259	199	70
153	244	202	55
153	245	230	55
153	242	204	42
153	244	206	42
153	245	206	42
153	248	260	42
153	247	199	68
153	248	262	68
153	251	244	68
153	243	202	69
153	248	243	69
153	250	242	69
153	259	193	69
153	242	201	53
153	251	227	53
153	245	203	33
153	246	243	33
153	249	244	33
153	251	242	33
153	244	205	65
153	245	204	65
153	245	205	65
153	246	205	65
153	251	243	65
153	257	194	65
153	245	243	57
153	252	242	57
153	243	205	64
153	257	192	64
153	243	206	66
153	258	195	66
153	256	244	74
153	259	196	74
154	242	201	53
154	251	227	53
154	243	208	70
154	259	199	70
154	245	243	57
154	252	242	57
154	247	199	68
154	248	262	68
154	251	244	68
154	246	205	65
154	251	243	65
154	257	194	65
154	244	246	75
154	256	202	75
154	243	205	64
154	257	192	64
154	243	206	66
154	258	195	66
154	242	204	42
154	244	206	42
154	245	203	42
154	245	206	42
154	248	260	42
154	259	192	42
154	243	202	69
154	246	243	69
154	248	243	69
154	250	242	69
154	259	193	69
154	256	244	74
154	259	196	74
155	242	204	42
155	248	260	42
155	243	205	64
155	257	192	64
155	244	206	76
155	245	206	76
155	244	246	75
155	256	202	75
155	240	235	77
155	245	203	77
155	246	243	77
155	259	192	77
155	242	201	53
155	251	227	53
155	249	244	33
155	251	242	33
155	246	205	65
155	251	243	65
155	257	194	65
155	245	243	57
155	252	242	57
155	243	202	69
155	248	243	69
155	250	242	69
155	259	193	69
155	256	244	74
155	257	204	74
155	259	196	74
156	242	201	53
156	246	244	53
156	251	227	53
156	243	205	64
156	257	192	64
156	244	202	55
156	245	230	55
156	245	243	57
156	252	242	57
156	246	205	65
156	251	243	65
156	257	194	65
156	240	235	77
156	246	243	77
156	247	199	68
156	251	244	68
156	248	198	78
156	251	242	78
156	242	204	42
156	248	260	42
156	243	202	69
156	248	243	69
156	250	242	69
156	259	193	69
156	244	246	75
156	256	202	75
156	256	244	74
156	257	204	74
156	259	196	74
156	244	206	76
156	245	203	76
156	245	206	76
156	259	192	76
157	242	201	53
157	246	244	53
157	251	227	53
157	242	204	42
157	248	260	42
157	243	205	64
157	257	192	64
157	244	202	55
157	245	230	55
157	244	206	76
157	245	203	76
157	245	206	76
157	259	192	76
157	245	243	57
157	250	243	57
157	252	242	57
157	240	235	69
157	243	202	69
157	246	243	69
157	248	243	69
157	250	242	69
157	259	193	69
157	247	199	68
157	251	244	68
157	246	205	65
157	251	243	65
157	257	194	65
157	244	246	75
157	256	202	75
157	256	244	74
157	257	204	74
157	259	196	74
158	240	235	69
158	243	202	69
158	246	243	69
158	248	243	69
158	250	242	69
158	259	193	69
158	244	202	55
158	245	230	55
158	244	206	76
158	245	203	76
158	245	206	76
158	259	192	76
158	245	243	57
158	250	243	57
158	252	242	57
158	242	201	53
158	246	244	53
158	251	227	53
158	247	199	68
158	251	244	68
158	242	204	42
158	248	260	42
158	246	205	65
158	251	243	65
158	257	194	65
158	244	246	75
158	256	202	75
158	243	205	64
158	257	192	64
158	256	244	74
158	259	196	74
159	240	235	69
159	243	202	69
159	244	205	69
159	246	243	69
159	248	243	69
159	250	242	69
159	259	193	69
159	244	206	76
159	245	206	76
159	244	246	75
159	256	202	75
159	245	203	79
159	259	192	79
159	240	202	57
159	245	243	57
159	250	243	57
159	252	242	57
159	242	201	53
159	246	244	53
159	251	227	53
159	242	204	42
159	248	260	42
159	246	205	65
159	251	243	65
159	257	194	65
159	253	238	80
159	258	203	80
159	256	244	74
159	257	204	74
159	259	196	74
159	243	205	64
159	257	192	64
160	242	204	42
160	248	260	42
160	244	206	76
160	245	206	76
160	245	243	57
160	250	243	57
160	252	242	57
160	240	235	77
160	246	243	77
160	242	201	53
160	246	244	53
160	251	227	53
160	243	202	69
160	248	243	69
160	250	242	69
160	259	193	69
160	246	205	65
160	251	243	65
160	253	238	80
160	258	203	80
160	244	246	75
160	256	202	75
160	256	244	74
160	259	196	74
160	243	205	64
160	257	192	64
160	243	206	66
160	258	195	66
160	245	203	79
160	259	192	79
161	242	201	53
161	246	244	53
161	251	227	53
161	244	206	76
161	245	206	76
161	245	243	57
161	250	243	57
161	252	242	57
161	240	235	77
161	246	243	77
161	243	202	69
161	250	242	69
161	259	193	69
161	253	238	80
161	258	203	80
161	244	246	75
161	256	202	75
161	243	205	64
161	257	192	64
161	245	203	79
161	259	192	79
162	240	235	77
162	246	243	77
162	242	201	53
162	246	244	53
162	251	227	53
162	244	206	76
162	245	206	76
162	245	243	57
162	250	243	57
162	242	204	42
162	245	244	42
162	248	260	42
162	243	202	69
162	250	242	69
162	259	193	69
162	251	243	65
162	257	194	65
162	253	238	80
162	258	203	80
162	244	246	75
162	256	202	75
162	243	205	64
162	257	192	64
162	243	206	66
162	258	195	66
162	245	203	79
162	259	192	79
163	242	204	42
163	245	244	42
163	248	260	42
163	243	202	69
163	250	242	69
163	259	193	69
163	244	206	76
163	245	206	76
163	245	203	79
163	259	192	79
163	245	243	57
163	250	243	57
163	240	235	77
163	246	243	77
163	240	202	81
163	252	242	81
163	243	205	64
163	257	192	64
163	251	243	65
163	257	194	65
163	253	238	80
163	258	203	80
164	243	202	69
164	250	242	69
164	243	205	64
164	257	192	64
164	243	206	66
164	258	195	66
164	245	203	79
164	259	192	79
164	244	206	76
164	245	206	76
164	245	243	57
164	250	243	57
164	242	204	42
164	245	244	42
164	248	260	42
164	253	238	80
164	258	203	80
164	257	204	82
164	259	196	82
165	242	204	42
165	245	244	42
165	248	260	42
165	243	202	69
165	250	242	69
165	243	205	64
165	257	192	64
165	243	206	66
165	258	195	66
165	244	206	76
165	245	206	76
165	245	203	79
165	259	192	79
165	245	243	57
165	250	243	57
165	253	238	80
165	258	203	80
166	242	204	42
166	245	244	42
166	248	260	42
166	243	202	69
166	250	242	69
166	259	193	69
166	243	205	64
166	257	192	64
166	245	243	57
166	250	243	57
166	253	238	80
166	258	203	80
166	250	245	83
166	258	200	83
167	243	202	69
167	250	242	69
167	242	204	42
167	248	260	42
167	245	243	57
167	250	243	57
167	253	238	80
167	258	203	80
168	245	243	57
168	250	243	57
168	242	204	42
168	244	206	42
168	248	260	42
168	243	202	69
168	250	242	69
168	253	238	80
168	258	203	80
168	250	245	83
168	258	200	83
169	243	202	69
169	250	242	69
169	245	243	57
169	250	243	57
169	242	204	42
169	248	260	42
170	242	204	42
170	244	206	42
170	248	260	42
170	243	202	69
170	250	242	69
170	245	243	57
170	250	243	57
170	250	245	83
170	258	200	83
171	243	202	69
171	250	242	69
171	242	204	42
171	244	206	42
171	245	206	42
171	248	260	42
171	248	261	84
171	257	287	84
171	245	243	57
171	250	243	57
171	250	245	83
171	258	200	83
172	243	202	69
172	250	242	69
172	244	206	42
172	245	206	42
172	245	205	57
172	245	243	57
172	250	243	57
172	242	204	85
172	245	244	85
172	248	260	85
172	252	242	85
172	248	261	84
172	257	287	84
172	250	245	83
172	258	200	83
173	242	204	85
173	245	244	85
173	244	206	42
173	248	260	42
173	252	242	42
173	243	202	69
173	250	242	69
173	245	243	57
173	250	243	57
173	250	245	83
173	258	200	83
174	245	243	57
174	250	243	57
174	243	202	69
174	250	242	69
174	242	204	42
174	244	206	42
174	245	244	42
174	248	260	42
174	252	242	42
174	248	261	84
174	257	287	84
174	250	245	83
174	258	200	83
175	243	202	69
175	250	242	69
175	245	205	57
175	245	243	57
175	250	243	57
175	242	204	42
175	244	206	42
175	248	260	42
175	252	242	42
175	248	261	84
175	257	287	84
175	245	197	86
175	251	243	86
175	250	245	83
175	258	200	83
176	245	205	57
176	245	243	57
176	250	243	57
176	242	204	42
176	244	206	42
176	245	244	42
176	248	260	42
176	252	242	42
176	248	261	84
176	257	287	84
176	243	202	69
176	250	242	69
176	250	245	83
176	258	200	83
176	247	201	87
176	251	204	87
177	244	206	76
177	245	206	76
177	246	207	51
177	251	245	51
177	242	204	42
177	245	205	42
177	245	244	42
177	248	260	42
177	250	245	83
177	258	200	83
177	245	243	57
177	250	243	57
177	259	197	57
178	242	204	42
178	248	260	42
178	252	242	42
178	245	205	57
178	245	243	57
178	250	243	57
178	259	197	57
178	248	261	84
178	257	287	84
178	246	207	51
178	251	245	51
179	242	204	42
179	248	260	42
179	252	242	42
179	245	205	57
179	245	243	57
179	250	243	57
179	259	197	57
179	246	207	51
179	251	245	51
180	245	243	57
180	250	243	57
180	259	197	57
181	246	207	51
181	251	245	51
181	250	243	57
181	259	197	57
182	250	243	57
182	259	197	57
192	247	201	87
192	251	204	87
193	247	201	87
193	251	204	87
193	250	245	49
193	251	245	49
194	250	245	49
194	251	245	49
195	250	245	49
195	251	245	49
196	250	245	49
196	251	245	49
197	250	245	49
197	251	245	49
198	250	245	49
198	251	245	49
199	250	245	49
199	251	245	49
200	250	245	49
200	251	245	49
201	250	245	49
201	251	245	49
202	250	245	49
202	251	245	49
203	250	245	49
203	251	245	49
204	250	245	49
204	251	245	49
205	244	205	88
205	256	249	88
205	250	245	49
205	251	245	49
206	250	245	49
206	251	245	49
207	250	245	49
207	251	245	49
208	250	245	49
208	251	245	49
209	250	245	49
209	251	245	49
210	250	245	49
210	251	245	49
211	250	245	49
211	251	245	49
212	250	245	49
212	251	245	49
213	250	245	49
213	251	245	49
213	250	246	89
213	258	201	89
214	243	201	90
214	245	243	90
214	250	245	49
214	251	245	49
214	250	246	89
214	258	201	89
215	243	201	90
215	245	243	90
215	250	245	49
215	251	245	49
215	250	246	89
215	258	201	89
216	243	201	90
216	245	243	90
216	250	245	49
216	251	245	49
217	243	201	90
217	245	243	90
217	250	245	49
217	251	245	49
218	242	202	90
218	243	201	90
218	250	245	49
218	251	245	49
219	250	245	49
219	251	245	49
220	242	202	90
220	243	201	90
220	245	243	90
220	250	245	49
220	251	245	49
221	242	202	90
221	243	201	90
221	250	245	49
221	251	245	49
222	242	202	90
222	243	201	90
222	245	243	90
222	240	206	91
222	242	209	91
222	250	245	49
222	251	245	49
223	242	202	90
223	243	201	90
223	245	243	90
223	240	206	91
223	242	209	91
223	250	245	49
223	251	245	49
224	240	206	91
224	242	209	91
224	242	202	90
224	243	201	90
224	250	245	49
224	251	245	49
225	242	202	90
225	243	201	90
225	240	206	91
225	242	209	91
225	250	245	49
225	251	245	49
226	242	202	90
226	243	201	90
226	240	206	91
226	242	209	91
226	250	245	49
226	251	245	49
227	240	206	91
227	242	209	91
227	242	202	90
227	243	201	90
227	250	242	56
227	251	242	56
227	250	245	49
227	251	245	49
228	240	206	91
228	242	209	91
228	242	202	90
228	243	201	90
228	250	242	56
228	251	242	56
228	250	245	49
228	251	245	49
229	240	206	91
229	242	209	91
229	242	202	90
229	243	201	90
229	250	242	56
229	251	242	56
229	250	245	49
229	251	245	49
230	240	206	91
230	242	209	91
230	242	202	90
230	243	201	90
230	250	242	56
230	251	242	56
230	250	245	49
230	251	245	49
231	240	206	91
231	242	209	91
231	244	209	92
231	259	201	92
231	250	242	56
231	251	242	56
231	250	245	49
231	251	245	49
232	240	206	91
232	242	209	91
232	250	245	49
232	251	245	49
232	246	204	56
232	250	242	56
232	251	242	56
233	240	206	91
233	242	209	91
233	244	209	92
233	245	209	92
233	259	201	92
233	246	204	56
233	250	242	56
233	251	242	56
233	250	245	49
233	251	245	49
234	242	202	90
234	243	201	90
234	240	206	91
234	242	209	91
234	244	209	92
234	245	209	92
234	259	201	92
234	246	204	56
234	250	242	56
234	251	242	56
234	250	245	49
234	251	245	49
235	240	206	91
235	242	209	91
235	242	202	90
235	243	201	90
235	246	204	56
235	250	242	56
235	251	242	56
235	250	245	49
235	251	245	49
235	244	209	92
235	245	209	92
235	255	202	92
235	259	201	92
236	242	202	90
236	243	201	90
236	244	209	92
236	245	209	92
236	255	202	92
236	259	201	92
236	250	245	49
236	251	245	49
236	246	204	56
236	250	242	56
236	251	242	56
237	242	202	90
237	243	201	90
237	244	209	92
237	245	209	92
237	255	202	92
237	259	201	92
237	246	204	56
237	250	242	56
237	251	242	56
237	250	245	49
237	251	245	49
238	242	202	90
238	243	201	90
238	244	209	92
238	245	209	92
238	255	202	92
238	259	201	92
238	246	204	56
238	251	242	56
238	250	245	49
238	251	245	49
239	242	202	90
239	243	201	90
239	244	209	92
239	245	209	92
239	255	202	92
239	246	204	56
239	251	242	56
239	250	245	49
239	251	245	49
240	242	202	90
240	243	201	90
240	244	209	92
240	245	209	92
240	255	202	92
240	246	204	56
240	251	242	56
240	250	245	49
240	251	245	49
241	242	202	90
241	243	201	90
241	244	209	92
241	245	209	92
241	255	202	92
241	259	201	92
241	246	204	56
241	251	242	56
241	250	245	49
241	251	245	49
242	244	209	92
242	245	209	92
242	246	204	56
242	251	242	56
242	250	245	49
242	251	245	49
243	244	209	92
243	245	209	92
243	246	204	56
243	250	242	56
243	251	242	56
243	250	245	49
243	251	245	49
244	242	209	92
244	244	209	92
244	245	209	92
244	250	245	49
244	251	245	49
244	246	204	56
244	250	242	56
244	251	242	56
245	242	209	92
245	244	209	92
245	245	209	92
245	250	245	49
245	251	245	49
245	246	204	56
245	251	242	56
246	242	209	92
246	244	209	92
246	245	209	92
248	242	209	92
248	244	209	92
248	245	209	92
249	242	209	92
249	244	209	92
249	245	209	92
250	242	209	92
250	244	209	92
250	245	209	92
251	242	209	92
251	244	209	92
251	245	209	92
252	242	209	92
252	244	209	92
252	245	209	92
253	242	209	92
253	244	209	92
253	245	209	92
254	242	209	92
254	244	209	92
254	245	209	92
256	246	204	56
256	251	242	56
257	246	204	56
257	251	242	56
259	242	209	92
259	245	209	92
259	246	204	56
259	251	242	56
259	244	206	76
259	251	245	76
260	242	209	92
260	245	209	92
260	244	206	76
260	251	245	76
261	242	209	92
261	245	209	92
261	250	245	49
261	251	245	49
262	242	209	92
262	245	209	92
262	248	260	93
262	251	243	93
262	250	245	49
262	251	245	49
263	246	205	94
263	246	206	94
263	243	203	93
263	248	260	93
263	251	243	93
263	250	245	49
263	251	245	49
264	242	209	92
264	245	209	92
264	246	205	94
264	246	206	94
264	248	260	93
264	251	243	93
264	250	245	49
264	251	245	49
265	242	209	92
265	245	209	92
265	250	245	49
265	251	245	49
265	248	260	93
265	251	243	93
266	242	209	92
266	245	209	92
266	246	205	94
266	246	206	94
266	250	245	49
266	251	245	49
267	242	209	92
267	245	209	92
268	242	209	92
268	245	209	92
278	246	204	95
278	256	248	95
278	246	205	94
278	246	206	94
279	246	205	94
279	246	206	94
280	246	204	95
280	256	248	95
280	246	205	94
280	246	206	94
281	246	205	94
281	246	206	94
281	246	204	95
281	256	248	95
282	246	204	95
282	256	248	95
282	246	205	94
282	246	206	94
283	246	205	94
283	246	206	94
283	246	204	95
283	256	248	95
284	246	204	95
284	256	248	95
285	246	204	95
285	256	248	95
286	246	204	95
286	256	248	95
286	246	205	94
286	246	245	94
287	245	206	25
287	245	207	25
287	246	204	95
287	256	248	95
287	246	205	94
287	246	245	94
288	246	205	94
288	246	245	94
288	246	204	95
288	256	248	95
289	246	204	95
289	256	248	95
289	246	205	94
289	246	245	94
290	246	204	95
290	256	248	95
290	246	205	94
290	246	245	94
291	246	205	94
291	246	206	94
291	246	245	94
291	246	204	95
291	256	248	95
292	246	204	95
292	256	248	95
292	246	205	94
292	246	206	94
292	246	245	94
293	246	205	94
293	246	206	94
293	246	245	94
293	246	204	95
293	256	248	95
294	246	204	95
294	256	248	95
294	246	205	94
294	246	206	94
294	246	245	94
294	246	244	96
294	252	242	96
295	246	204	95
295	256	248	95
295	246	205	94
295	246	206	94
295	246	245	94
295	243	204	97
295	248	259	97
296	243	204	97
296	248	259	97
296	246	204	95
296	256	248	95
296	246	205	94
296	246	206	94
296	246	245	94
297	246	204	95
297	256	248	95
297	246	205	94
297	246	206	94
297	246	245	94
297	243	204	97
297	248	259	97
298	243	204	97
298	248	259	97
298	246	204	95
298	256	248	95
298	246	205	94
298	246	206	94
298	246	245	94
299	240	204	98
299	248	244	98
299	243	204	97
299	248	259	97
299	246	205	94
299	246	206	94
299	246	245	94
299	246	204	95
299	256	248	95
300	246	204	95
300	256	248	95
300	246	205	94
300	246	245	94
300	240	204	98
300	248	244	98
301	246	205	94
301	246	245	94
301	240	204	98
301	248	244	98
301	246	204	95
301	256	248	95
302	246	204	95
302	256	248	95
302	246	205	94
302	246	245	94
303	246	205	94
303	246	245	94
304	246	205	94
304	246	245	94
304	246	244	96
304	252	242	96
305	246	205	94
305	246	206	94
305	246	204	29
305	246	243	29
305	246	244	96
305	252	242	96
305	246	245	93
305	248	260	93
305	252	244	93
306	246	205	93
306	246	245	93
306	248	260	93
306	252	244	93
306	246	204	29
306	246	243	29
307	240	204	98
307	248	244	98
307	246	205	94
307	246	206	94
307	246	204	29
307	246	243	29
307	246	245	93
307	248	260	93
307	251	244	93
307	252	244	93
308	245	207	3
308	246	208	3
308	246	205	94
308	246	206	94
308	246	245	93
308	248	260	93
308	251	244	93
308	252	244	93
309	245	206	25
309	246	244	25
309	246	204	29
309	246	243	29
309	248	258	29
309	246	205	94
309	246	206	94
309	246	245	94
309	248	260	94
309	251	244	49
309	251	245	49
309	251	246	49
310	245	206	25
310	246	244	25
310	246	205	94
310	246	206	94
310	246	245	94
310	248	260	94
310	246	204	29
310	246	243	29
310	251	244	49
310	251	245	49
310	251	246	49
311	240	207	99
311	241	206	99
311	245	206	25
311	245	208	25
311	246	244	25
311	246	205	94
311	246	206	94
311	246	245	94
311	248	260	94
311	245	203	29
311	246	204	29
311	246	243	29
311	251	244	49
311	251	245	49
311	251	246	49
312	240	207	99
312	241	206	99
312	245	206	25
312	245	208	25
312	246	244	25
312	240	204	98
312	248	244	98
312	245	203	29
312	246	204	29
312	246	243	29
312	248	258	29
312	246	205	94
312	246	206	94
312	246	245	94
312	248	260	94
312	251	244	94
312	251	246	94
313	240	204	98
313	248	244	98
313	245	206	25
313	245	208	25
313	246	244	25
313	245	203	29
313	246	204	29
313	246	243	29
313	246	205	94
313	246	206	94
313	246	245	49
313	251	244	49
313	251	245	49
314	245	203	29
314	246	204	29
314	246	243	29
314	246	205	94
314	246	206	94
314	246	245	49
314	251	244	49
315	246	205	94
315	246	206	94
315	245	203	29
315	246	204	29
315	246	243	29
315	246	244	100
315	252	243	100
315	240	204	98
315	248	244	98
315	248	260	101
315	251	243	101
316	240	204	98
316	248	244	98
316	245	203	29
316	246	204	29
316	246	243	29
316	248	260	29
316	246	205	94
316	246	206	94
316	246	244	100
316	252	243	100
317	240	204	98
317	248	244	98
317	246	205	94
317	246	206	94
317	245	203	29
317	246	204	29
317	246	243	29
317	246	244	100
317	250	245	100
317	251	244	100
317	251	245	100
318	245	203	29
318	246	204	29
318	246	243	29
318	246	205	94
318	246	206	94
318	240	204	98
318	248	244	98
318	250	245	100
318	251	244	100
318	251	245	100
319	245	203	29
319	246	204	29
319	246	243	29
319	246	205	94
319	246	206	94
319	250	245	100
319	251	244	100
319	251	245	100
320	245	203	29
320	246	204	29
320	246	243	29
320	246	205	94
320	246	206	94
320	250	245	100
320	251	244	100
320	251	245	100
321	245	203	29
321	246	204	29
321	246	243	29
321	246	205	94
321	246	206	94
321	246	244	67
321	247	207	67
321	250	245	100
321	251	244	100
321	251	245	100
322	245	203	29
322	246	204	29
322	246	243	29
322	248	260	29
322	246	205	94
322	246	206	94
322	246	244	67
322	247	207	67
322	250	245	100
322	251	244	100
322	251	245	100
323	245	203	29
323	246	204	29
323	246	243	29
323	248	260	29
323	246	205	94
323	246	206	94
323	246	244	67
323	247	207	67
323	252	243	67
323	250	245	100
323	251	244	100
323	251	245	100
324	245	203	29
324	246	204	29
324	248	260	29
324	246	205	94
324	246	206	94
324	245	208	4
324	246	244	4
324	251	244	100
324	251	245	100
325	240	204	98
325	248	244	98
325	246	205	94
325	246	206	94
325	245	203	29
325	246	204	29
325	248	260	29
325	251	244	100
325	251	245	100
325	245	208	4
325	246	244	4
325	252	243	4
